Agent 0:(9,30,0)->(9,29,1)->(9,28,2)->(10,28,3)->(11,28,4)->(12,28,5)->(12,27,6)->(12,26,7)->(13,26,8)->(13,25,9)->(13,24,10)->(13,23,11)->(14,23,12)->(15,23,13)->(16,23,14)->(16,22,15)->(17,22,16)->(18,22,17)->(19,22,18)->(20,22,19)->(20,21,20)->(21,21,21)->(22,21,22)->(23,21,23)->(24,21,24)->(25,21,25)->(25,20,26)->(25,19,27)->(26,19,28)->(27,19,29)->(28,19,30)->(29,19,31)->(30,19,32)->(31,19,33)->(32,19,34)->(33,19,35)->(34,19,36)->(35,19,37)->(36,19,38)->(37,19,39)->(38,19,40)->(39,19,41)->(40,19,42)->(41,19,43)->(42,19,44)->(43,19,45)->(44,19,46)->(45,19,47)->(46,19,48)->(47,19,49)->(47,18,50)->(47,17,51)->(48,17,52)->(49,17,53)->(50,17,54)->(50,16,55)->(51,16,56)->(52,16,57)->(53,16,58)->(54,16,59)->(55,16,60)->(56,16,61)->(57,16,62)->
Agent 1:(42,55,0)->(42,54,1)->(42,53,2)->(41,53,3)->(41,52,4)->(40,52,5)->(40,51,6)->(39,51,7)->(39,50,8)->(39,49,9)->(38,49,10)->(37,49,11)->(36,49,12)->(36,48,13)->(36,47,14)->(36,46,15)->(36,45,16)->(36,44,17)->(35,44,18)->(34,44,19)->(33,44,20)->(32,44,21)->(31,44,22)->(30,44,23)->(29,44,24)->(28,44,25)->(27,44,26)->(27,43,27)->(26,43,28)->(25,43,29)->(24,43,30)->(23,43,31)->(22,43,32)->(21,43,33)->
Agent 2:(49,13,0)->(50,13,1)->(50,12,2)->(50,11,3)->(50,10,4)->(51,10,5)->(51,9,6)->(51,8,7)->(51,7,8)->(51,6,9)->(51,5,10)->
Agent 3:(60,41,0)->(59,41,1)->(58,41,2)->(58,40,3)->(58,39,4)->(57,39,5)->(56,39,6)->(55,39,7)->(54,39,8)->(54,38,9)->(53,38,10)->(53,37,11)->(52,37,12)->(52,36,13)->(51,36,14)->(50,36,15)->(49,36,16)->(48,36,17)->(48,35,18)->(47,35,19)->(47,34,20)->(47,33,21)->(47,32,22)->(47,31,23)->(47,30,24)->(47,29,25)->(47,28,26)->(47,27,27)->(47,26,28)->(47,25,29)->(47,24,30)->(47,23,31)->(47,22,32)->(46,22,33)->(46,21,34)->(46,20,35)->(45,20,36)->(45,19,37)->(45,18,38)->(45,17,39)->(45,16,40)->(45,15,41)->(45,14,42)->(45,13,43)->(45,12,44)->(45,11,45)->(45,10,46)->(45,9,47)->(45,8,48)->(45,7,49)->(44,7,50)->(44,6,51)->(43,6,52)->(43,5,53)->(43,4,54)->(43,3,55)->(43,2,56)->(43,1,57)->
Agent 4:(63,46,0)->(63,45,1)->(62,45,2)->(62,44,3)->(61,44,4)->(60,44,5)->(60,43,6)->(60,42,7)->(60,41,8)->(60,40,9)->(60,39,10)->(59,39,11)->(58,39,12)->(57,39,13)->(56,39,14)->(56,38,15)->(56,37,16)->(56,36,17)->(55,36,18)->(54,36,19)->(54,35,20)->(53,35,21)->(53,34,22)->(52,34,23)->(52,33,24)->(51,33,25)->(50,33,26)->(50,32,27)->(49,32,28)->(48,32,29)->(47,32,30)->(47,31,31)->(46,31,32)->(46,30,33)->(46,29,34)->(45,29,35)->(45,28,36)->(44,28,37)->(44,27,38)->(43,27,39)->(43,26,40)->(43,25,41)->(42,25,42)->(42,24,43)->(42,23,44)->(42,22,45)->(42,21,46)->(41,21,47)->(40,21,48)->(39,21,49)->(38,21,50)->(38,20,51)->(37,20,52)->(37,19,53)->(36,19,54)->(36,18,55)->(35,18,56)->(35,17,57)->(34,17,58)->(33,17,59)->(32,17,60)->(32,16,61)->(31,16,62)->(30,16,63)->(30,15,64)->(30,14,65)->(29,14,66)->(29,13,67)->(28,13,68)->(27,13,69)->
Agent 5:(62,7,0)->(61,7,1)->(61,6,2)->(60,6,3)->(59,6,4)->(59,5,5)->(59,4,6)->(58,4,7)->(57,4,8)->(56,4,9)->(56,3,10)->(55,3,11)->(54,3,12)->(53,3,13)->(53,2,14)->(52,2,15)->(51,2,16)->(50,2,17)->(49,2,18)->(48,2,19)->(47,2,20)->(46,2,21)->(45,2,22)->(44,2,23)->(43,2,24)->(42,2,25)->(41,2,26)->(40,2,27)->(39,2,28)->(38,2,29)->(37,2,30)->(36,2,31)->(35,2,32)->(34,2,33)->(33,2,34)->(33,1,35)->(33,0,36)->
Agent 6:(40,1,0)->(40,2,1)->(40,3,2)->(40,4,3)->(39,4,4)->(39,5,5)->(39,6,6)->(39,7,7)->(39,8,8)->(39,9,9)->(39,10,10)->(39,11,11)->(39,12,12)->(39,13,13)->(39,14,14)->(39,15,15)->(39,16,16)->(39,17,17)->(40,17,18)->(40,18,19)->(40,19,20)->(40,20,21)->(40,21,22)->(40,22,23)->(40,23,24)->(40,24,25)->(39,24,26)->(39,25,27)->(39,26,28)->(39,27,29)->(39,28,30)->(39,29,31)->(39,30,32)->(39,31,33)->(39,32,34)->(38,32,35)->(37,32,36)->(37,33,37)->(37,34,38)->(37,35,39)->(37,36,40)->(37,37,41)->(37,38,42)->(37,39,43)->(37,40,44)->(37,41,45)->(37,42,46)->(37,43,47)->(37,44,48)->(37,45,49)->(37,46,50)->(37,47,51)->(37,48,52)->(37,49,53)->(37,50,54)->(37,51,55)->(37,52,56)->(37,53,57)->
Agent 7:(30,15,0)->(30,16,1)->(30,17,2)->(30,18,3)->(30,19,4)->(31,19,5)->(32,19,6)->(33,19,7)->(34,19,8)->(35,19,9)->(36,19,10)->(37,19,11)->(38,19,12)->(39,19,13)->(40,19,14)->(41,19,15)->(42,19,16)->(43,19,17)->(44,19,18)->(45,19,19)->(46,19,20)->(47,19,21)->(48,19,22)->(49,19,23)->(49,20,24)->(49,21,25)->(50,21,26)->(51,21,27)->(52,21,28)->(53,21,29)->(54,21,30)->(54,20,31)->
Agent 8:(54,25,0)->(54,26,1)->(54,27,2)->(54,28,3)->(53,28,4)->(53,29,5)->(52,29,6)->(51,29,7)->(50,29,8)->(50,30,9)->(50,31,10)->(50,32,11)->(50,33,12)->(50,34,13)->(49,34,14)->(48,34,15)->(48,35,16)->(47,35,17)->(46,35,18)->(46,36,19)->(46,37,20)->(45,37,21)->(45,38,22)->(45,39,23)->(44,39,24)->(44,40,25)->(43,40,26)->(43,41,27)->(43,42,28)->(43,43,29)->(42,43,30)->(42,44,31)->(42,45,32)->(41,45,33)->(40,45,34)->(39,45,35)->(38,45,36)->(37,45,37)->(37,46,38)->(36,46,39)->(36,47,40)->(35,47,41)->(34,47,42)->(34,48,43)->(34,49,44)->(34,50,45)->(34,51,46)->(33,51,47)->(33,52,48)->(33,53,49)->(33,54,50)->(32,54,51)->(32,55,52)->(31,55,53)->(31,56,54)->(30,56,55)->(30,57,56)->(30,58,57)->(30,59,58)->(30,60,59)->(29,60,60)->(28,60,61)->(27,60,62)->(26,60,63)->(25,60,64)->(24,60,65)->(23,60,66)->
Agent 9:(32,48,0)->(32,47,1)->(32,46,2)->(32,45,3)->(33,45,4)->(33,44,5)->(33,43,6)->(34,43,7)->(35,43,8)->(35,42,9)->(35,41,10)->(35,40,11)->(35,39,12)->(35,38,13)->(35,37,14)->(36,37,15)->(36,36,16)->(37,36,17)->(37,35,18)->(38,35,19)->(39,35,20)->(40,35,21)->(40,34,22)->(40,33,23)->(40,32,24)->(41,32,25)->(41,31,26)->(41,30,27)->(41,29,28)->(41,28,29)->(41,27,30)->(42,27,31)->(42,26,32)->(42,25,33)->(42,24,34)->(42,23,35)->(42,22,36)->(42,21,37)->(43,21,38)->(43,20,39)->(43,19,40)->(44,19,41)->(45,19,42)->(46,19,43)->(47,19,44)->(47,18,45)->(47,17,46)->(48,17,47)->(49,17,48)->(50,17,49)->(51,17,50)->(51,16,51)->(51,15,52)->
Agent 10:(7,53,0)->(8,53,1)->(8,52,2)->(8,51,3)->(8,50,4)->(9,50,5)->(9,49,6)->(10,49,7)->(10,48,8)->(10,47,9)->(10,46,10)->(10,45,11)->(10,44,12)->(11,44,13)->(12,44,14)->(13,44,15)->(13,43,16)->(14,43,17)->(14,42,18)->(15,42,19)->(15,41,20)->(16,41,21)->(17,41,22)->(18,41,23)->(19,41,24)->(20,41,25)->(20,40,26)->(21,40,27)->(22,40,28)->(23,40,29)->(24,40,30)->(25,40,31)->(26,40,32)->(27,40,33)->
Agent 11:(41,32,0)->(41,31,1)->(40,31,2)->(39,31,3)->(39,30,4)->(39,29,5)->(39,28,6)->(39,27,7)->(38,27,8)->(37,27,9)->(36,27,10)->(36,26,11)->(35,26,12)->(35,25,13)->(35,24,14)->(35,23,15)->(34,23,16)->(34,22,17)->(33,22,18)->(32,22,19)->(31,22,20)->(30,22,21)->(29,22,22)->(28,22,23)->(27,22,24)->(26,22,25)->(25,22,26)->(25,21,27)->(24,21,28)->(23,21,29)->(22,21,30)->(21,21,31)->(21,20,32)->(21,19,33)->(20,19,34)->(19,19,35)->(19,18,36)->(18,18,37)->(17,18,38)->
Agent 12:(60,1,0)->(59,1,1)->(58,1,2)->(57,1,3)->(56,1,4)->(55,1,5)->(54,1,6)->(53,1,7)->(53,2,8)->(52,2,9)->(51,2,10)->(50,2,11)->(49,2,12)->(48,2,13)->(48,3,14)->(47,3,15)->(46,3,16)->(45,3,17)->(44,3,18)->(43,3,19)->(42,3,20)->
Agent 13:(24,12,0)->(23,12,1)->(23,13,2)->(22,13,3)->(21,13,4)->(21,14,5)->(20,14,6)->(19,14,7)->(18,14,8)->(18,15,9)->(18,16,10)->(17,16,11)->(17,17,12)->(16,17,13)->(15,17,14)->(15,18,15)->(15,19,16)->(14,19,17)->(13,19,18)->(12,19,19)->(11,19,20)->(10,19,21)->(10,20,22)->(9,20,23)->(8,20,24)->(7,20,25)->(6,20,26)->(6,21,27)->(6,22,28)->(6,23,29)->(6,24,30)->(6,25,31)->(6,26,32)->(6,27,33)->(6,28,34)->(6,29,35)->(6,30,36)->(6,31,37)->(6,32,38)->(6,33,39)->(6,34,40)->(6,35,41)->(6,36,42)->(6,37,43)->(6,38,44)->(6,39,45)->(6,40,46)->(6,41,47)->(6,42,48)->(6,43,49)->(5,43,50)->(5,44,51)->(4,44,52)->(4,45,53)->
Agent 14:(30,60,0)->(29,60,1)->(29,59,2)->(29,58,3)->(29,57,4)->(28,57,5)->(28,56,6)->(28,55,7)->(28,54,8)->(27,54,9)->(27,53,10)->(27,52,11)->(27,51,12)->(27,50,13)->(27,49,14)->(27,48,15)->(27,47,16)->(28,47,17)->(29,47,18)->(30,47,19)->(30,46,20)->
Agent 15:(24,30,0)->(23,30,1)->(22,30,2)->(21,30,3)->(20,30,4)->(19,30,5)->(18,30,6)->(17,30,7)->(16,30,8)->(15,30,9)->(15,31,10)->(14,31,11)->(13,31,12)->(13,32,13)->(12,32,14)->(12,33,15)->(11,33,16)->(10,33,17)->(10,34,18)->(10,35,19)->(10,36,20)->(10,37,21)->(10,38,22)->(9,38,23)->(9,39,24)->(9,40,25)->(8,40,26)->(7,40,27)->(7,41,28)->(7,42,29)->(7,43,30)->(7,44,31)->(7,45,32)->(7,46,33)->
Agent 16:(56,63,0)->(56,62,1)->(55,62,2)->(55,61,3)->(55,60,4)->(54,60,5)->(53,60,6)->(53,59,7)->(52,59,8)->(51,59,9)->(51,58,10)->(51,57,11)->(51,56,12)->(50,56,13)->(50,55,14)->(49,55,15)->(49,54,16)->(49,53,17)->(49,52,18)->(49,51,19)->(49,50,20)->(49,49,21)->(48,49,22)->(48,48,23)->(47,48,24)->(46,48,25)->(46,47,26)->(46,46,27)->
Agent 17:(23,5,0)->(22,5,1)->(21,5,2)->(20,5,3)->(19,5,4)->(19,6,5)->(19,7,6)->(18,7,7)->(17,7,8)->(17,8,9)->(16,8,10)->(15,8,11)->(15,9,12)->(14,9,13)->(14,10,14)->(13,10,15)->(12,10,16)->(12,11,17)->(12,12,18)->(12,13,19)->(12,14,20)->(12,15,21)->(12,16,22)->(12,17,23)->(12,18,24)->(12,19,25)->(12,20,26)->(12,21,27)->(12,22,28)->(12,23,29)->(12,24,30)->(12,25,31)->(12,26,32)->(12,27,33)->(12,28,34)->(12,29,35)->(12,30,36)->(11,30,37)->(10,30,38)->(10,31,39)->(10,32,40)->(10,33,41)->(10,34,42)->(10,35,43)->(10,36,44)->(9,36,45)->(9,37,46)->(9,38,47)->
Agent 18:(26,17,0)->(26,16,1)->(26,15,2)->(27,15,3)->(28,15,4)->(28,14,5)->(28,13,6)->(29,13,7)->(30,13,8)->(31,13,9)->(31,12,10)->(31,11,11)->(31,10,12)->(32,10,13)->(32,9,14)->(32,8,15)->(32,7,16)->(33,7,17)->(33,6,18)->(33,5,19)->(33,4,20)->(34,4,21)->(35,4,22)->(36,4,23)->(37,4,24)->(38,4,25)->(39,4,26)->(40,4,27)->(41,4,28)->(42,4,29)->(43,4,30)->(44,4,31)->(45,4,32)->(46,4,33)->(47,4,34)->(48,4,35)->
Agent 19:(42,43,0)->(41,43,1)->(41,42,2)->(41,41,3)->(41,40,4)->(40,40,5)->(39,40,6)->(39,39,7)->(38,39,8)->(37,39,9)->(37,38,10)->(36,38,11)->(35,38,12)->(34,38,13)->(33,38,14)->(32,38,15)->(32,37,16)->(31,37,17)->(30,37,18)->(30,36,19)->(29,36,20)->(28,36,21)->(28,35,22)->(27,35,23)->(27,34,24)->(26,34,25)->(26,33,26)->(26,32,27)->(26,31,28)->(26,30,29)->(26,29,30)->(25,29,31)->(25,28,32)->(25,27,33)->(24,27,34)->(23,27,35)->(23,26,36)->(23,25,37)->(23,24,38)->(23,23,39)->(23,22,40)->(23,21,41)->(22,21,42)->(21,21,43)->(20,21,44)->(19,21,45)->(18,21,46)->(18,20,47)->(17,20,48)->(17,19,49)->(16,19,50)->(16,18,51)->(15,18,52)->(14,18,53)->(13,18,54)->(13,17,55)->(12,17,56)->(11,17,57)->
