Agent 0:(12,24,0)->(12,24,1)->(12,24,2)->(12,24,3)->(12,24,4)->(12,24,5)->(12,24,6)->(12,24,7)->(12,24,8)->(12,24,9)->(12,24,10)->(12,24,11)->(12,24,12)->(12,24,13)->(12,24,14)->(12,24,15)->(12,24,16)->(12,24,17)->(12,24,18)->(12,24,19)->(12,24,20)->(12,24,21)->(12,24,22)->(12,25,23)->(11,25,24)->(11,26,25)->(11,27,26)->(12,27,27)->(13,27,28)->(14,27,29)->(15,27,30)->(16,27,31)->(16,26,32)->(17,26,33)->(18,26,34)->(18,25,35)->(19,25,36)->(20,25,37)->(20,24,38)->(20,23,39)->(20,23,40)->(21,23,41)->
Agent 1:(23,26,0)->(23,26,1)->(23,26,2)->(23,26,3)->(23,26,4)->(23,26,5)->(23,26,6)->(23,26,7)->(23,26,8)->(23,26,9)->(23,26,10)->(23,26,11)->(23,25,12)->(23,24,13)->(23,24,14)->(23,24,15)->(23,24,16)->(23,23,17)->(23,22,18)->(23,21,19)->(24,21,20)->(25,21,21)->(25,20,22)->(25,19,23)->(26,19,24)->(27,19,25)->(28,19,26)->(28,20,27)->(29,20,28)->(29,20,29)->(30,20,30)->
Agent 2:(15,8,0)->(15,9,1)->(16,9,2)->(17,9,3)->(18,9,4)->(18,10,5)->(18,11,6)->(18,12,7)->(19,12,8)->(19,13,9)->(19,14,10)->(19,15,11)->(19,16,12)->(19,17,13)->(19,18,14)->(19,19,15)->(19,20,16)->(19,21,17)->(20,21,18)->(21,21,19)->(21,22,20)->(22,22,21)->(23,22,22)->(24,22,23)->(25,22,24)->(26,22,25)->(27,22,26)->(28,22,27)->(29,22,28)->(30,22,29)->
Agent 3:(25,10,0)->(25,9,1)->(26,9,2)->(27,9,3)->(28,9,4)->(29,9,5)->(30,9,6)->(31,9,7)->
Agent 4:(20,1,0)->(20,2,1)->(21,2,2)->(21,3,3)->(22,3,4)->(23,3,5)->(23,4,6)->(23,5,7)->(23,6,8)->(24,6,9)->(25,6,10)->(26,6,11)->(27,6,12)->(27,7,13)->(27,8,14)->(27,9,15)->(28,9,16)->(29,9,17)->(30,9,18)->(30,10,19)->(30,11,20)->(30,12,21)->(30,13,22)->(30,14,23)->(30,15,24)->(30,16,25)->(30,17,26)->(30,18,27)->(30,19,28)->(30,20,29)->(30,21,30)->
Agent 5:(11,27,0)->(12,27,1)->(12,26,2)->(12,25,3)->(13,25,4)->(13,24,5)->(13,23,6)->(13,22,7)->(13,21,8)->(14,21,9)->(15,21,10)->(15,20,11)->(16,20,12)->(16,19,13)->(16,18,14)->(16,17,15)->(17,17,16)->(17,16,17)->(18,16,18)->(18,15,19)->(18,14,20)->(18,13,21)->(19,13,22)->(20,13,23)->(21,13,24)->(21,12,25)->(21,11,26)->(21,10,27)->(21,9,28)->(21,8,29)->(21,7,30)->(21,6,31)->(21,5,32)->(21,4,33)->(21,3,34)->(21,2,35)->(21,1,36)->
Agent 6:(1,3,0)->(2,3,1)->(3,3,2)->(3,4,3)->(4,4,4)->(4,5,5)->(5,5,6)->(6,5,7)->(7,5,8)->(8,5,9)->(9,5,10)->(9,6,11)->(9,7,12)->(10,7,13)->(11,7,14)->(11,8,15)->(12,8,16)->(12,9,17)->(12,10,18)->(13,10,19)->(14,10,20)->(15,10,21)->(15,11,22)->(15,12,23)->(15,13,24)->(15,14,25)->(15,15,26)->(15,16,27)->(15,17,28)->(16,17,29)->(17,17,30)->(18,17,31)->(18,18,32)->(18,19,33)->(19,19,34)->(19,20,35)->(20,20,36)->(20,21,37)->(21,21,38)->(21,22,39)->(21,23,40)->(21,24,41)->(21,25,42)->(21,26,43)->
Agent 7:(7,21,0)->(6,21,1)->(6,20,2)->(6,19,3)->(5,19,4)->(4,19,5)->(3,19,6)->(2,19,7)->(1,19,8)->(0,19,9)->
Agent 8:(31,28,0)->(31,27,1)->(30,27,2)->(30,26,3)->(30,25,4)->(30,24,5)->(30,23,6)->(29,23,7)->(29,22,8)->(28,22,9)->(27,22,10)->(26,22,11)->(25,22,12)->(24,22,13)->(23,22,14)->(22,22,15)->(21,22,16)->(20,22,17)->(19,22,18)->(19,21,19)->(18,21,20)->(17,21,21)->(16,21,22)->(15,21,23)->(14,21,24)->(13,21,25)->(12,21,26)->(11,21,27)->(10,21,28)->(9,21,29)->(8,21,30)->(7,21,31)->(6,21,32)->(5,21,33)->(4,21,34)->(3,21,35)->(2,21,36)->(1,21,37)->(0,21,38)->
Agent 9:(4,12,0)->(4,11,1)->(5,11,2)->(6,11,3)->(7,11,4)->(8,11,5)->(8,12,6)->(8,13,7)->(9,13,8)->(9,14,9)->(10,14,10)->(11,14,11)->(12,14,12)->(13,14,13)->(13,14,14)->(14,14,15)->(14,15,16)->(15,15,17)->(16,15,18)->(17,15,19)->(18,15,20)->(19,15,21)->(20,15,22)->(21,15,23)->(22,15,24)->(23,15,25)->(24,15,26)->
Agent 10:(23,17,0)->(23,18,1)->(22,18,2)->(22,19,3)->(21,19,4)->(20,19,5)->(19,19,6)->(18,19,7)->(18,20,8)->(17,20,9)->(17,21,10)->(17,22,11)->(16,22,12)->(16,23,13)->(15,23,14)->(15,24,15)->(14,24,16)->(14,25,17)->(14,26,18)->(13,26,19)->(13,27,20)->(13,28,21)->(13,29,22)->(12,29,23)->(11,29,24)->(10,29,25)->(9,29,26)->(8,29,27)->(7,29,28)->(6,29,29)->(5,29,30)->
Agent 11:(22,8,0)->(21,8,1)->(21,9,2)->(20,9,3)->(19,9,4)->(18,9,5)->(18,10,6)->(17,10,7)->(17,11,8)->(16,11,9)->(16,12,10)->(15,12,11)->(15,13,12)->(15,14,13)->(14,14,14)->(14,15,15)->(13,15,16)->(13,16,17)->(13,17,18)->(13,18,19)->(13,19,20)->(13,20,21)->(12,20,22)->(11,20,23)->(11,21,24)->(10,21,25)->(10,22,26)->(10,23,27)->(10,24,28)->(10,25,29)->(9,25,30)->(8,25,31)->(7,25,32)->(6,25,33)->(5,25,34)->(4,25,35)->(3,25,36)->(2,25,37)->
Agent 12:(16,25,0)->(16,26,1)->(16,27,2)->(16,28,3)->(16,29,4)->(17,29,5)->(18,29,6)->(19,29,7)->(20,29,8)->
Agent 13:(16,15,0)->(17,15,1)->(17,14,2)->(17,13,3)->(17,12,4)->(17,11,5)->(17,10,6)->(17,9,7)->
Agent 14:(30,29,0)->(30,28,1)->(29,28,2)->(29,27,3)->(29,26,4)->(28,26,5)->(27,26,6)->(26,26,7)->(26,25,8)->(25,25,9)->(24,25,10)->(23,25,11)->(22,25,12)->(21,25,13)->(20,25,14)->(19,25,15)->(18,25,16)->(17,25,17)->(16,25,18)->(15,25,19)->(14,25,20)->(13,25,21)->(12,25,22)->(11,25,23)->(10,25,24)->(9,25,25)->(8,25,26)->(7,25,27)->(6,25,28)->(5,25,29)->(4,25,30)->(3,25,31)->(2,25,32)->(1,25,33)->(0,25,34)->
Agent 15:(13,30,0)->(12,30,1)->(12,29,2)->(11,29,3)->(10,29,4)->(9,29,5)->(8,29,6)->(7,29,7)->(6,29,8)->(5,29,9)->(4,29,10)->(3,29,11)->(2,29,12)->
Agent 16:(14,30,0)->(15,30,1)->(16,30,2)->(17,30,3)->(17,29,4)->(17,28,5)->(17,27,6)->(18,27,7)->(18,26,8)->(19,26,9)->(19,25,10)->(20,25,11)->(20,24,12)->(21,24,13)->(21,23,14)->(22,23,15)->(23,23,16)->(24,23,17)->(24,22,18)->(24,21,19)->(24,20,20)->(24,19,21)->(24,18,22)->(24,17,23)->(24,16,24)->(24,15,25)->(24,14,26)->(24,13,27)->
Agent 17:(14,20,0)->(13,20,1)->(13,21,2)->(13,22,3)->(12,22,4)->
Agent 18:(29,21,0)->(29,20,1)->(28,20,2)->(27,20,3)->(26,20,4)->(25,20,5)->(24,20,6)->(23,20,7)->(22,20,8)->(21,20,9)->(20,20,10)->(19,20,11)->(18,20,12)->(17,20,13)->(16,20,14)->(15,20,15)->(14,20,16)->(13,20,17)->(12,20,18)->(11,20,19)->(10,20,20)->(9,20,21)->(8,20,22)->(7,20,23)->(6,20,24)->(5,20,25)->(4,20,26)->
Agent 19:(21,2,0)->(21,3,1)->(21,4,2)->(20,4,3)->(20,5,4)->(20,6,5)->(20,7,6)->(20,8,7)->(20,9,8)->(19,9,9)->(19,10,10)->(19,11,11)->(19,12,12)->(19,13,13)->(19,14,14)->(18,14,15)->(17,14,16)->(17,15,17)->(17,16,18)->(16,16,19)->(15,16,20)->(14,16,21)->(13,16,22)->(12,16,23)->(11,16,24)->(10,16,25)->(9,16,26)->(8,16,27)->(7,16,28)->(6,16,29)->(5,16,30)->(4,16,31)->(3,16,32)->
