Agent 0:(12,24,0)->(12,23,1)->(13,23,2)->(13,22,3)->(14,22,4)->(15,22,5)->(16,22,6)->(17,22,7)->(18,22,8)->(19,22,9)->(20,22,10)->(20,23,11)->(21,23,12)->
Agent 1:(23,26,0)->(23,25,1)->(23,24,2)->(23,23,3)->(23,22,4)->(24,22,5)->(24,21,6)->(25,21,7)->(26,21,8)->(27,21,9)->(28,21,10)->(28,20,11)->(29,20,12)->(30,20,13)->
Agent 2:(15,8,0)->(16,8,1)->(17,8,2)->(18,8,3)->(19,8,4)->(19,9,5)->(20,9,6)->(21,9,7)->(22,9,8)->(22,10,9)->(22,11,10)->(23,11,11)->(23,12,12)->(23,13,13)->(23,14,14)->(23,15,15)->(23,16,16)->(23,17,17)->(23,18,18)->(23,19,19)->(23,20,20)->(24,20,21)->(25,20,22)->(25,21,23)->(26,21,24)->(26,22,25)->(27,22,26)->(28,22,27)->(29,22,28)->(30,22,29)->
Agent 3:(25,10,0)->(25,9,1)->(26,9,2)->(27,9,3)->(28,9,4)->(29,9,5)->(30,9,6)->(31,9,7)->
Agent 4:(20,1,0)->(21,1,1)->(21,2,2)->(21,3,3)->(21,4,4)->(21,5,5)->(21,6,6)->(22,6,7)->(22,7,8)->(22,8,9)->(23,8,10)->(24,8,11)->(25,8,12)->(26,8,13)->(27,8,14)->(27,9,15)->(28,9,16)->(28,10,17)->(28,11,18)->(28,12,19)->(28,13,20)->(28,14,21)->(28,15,22)->(29,15,23)->(29,16,24)->(29,17,25)->(29,18,26)->(29,19,27)->(29,20,28)->(29,21,29)->(30,21,30)->
Agent 5:(11,27,0)->(12,27,1)->(13,27,2)->(13,26,3)->(13,25,4)->(14,25,5)->(14,24,6)->(14,23,7)->(14,22,8)->(15,22,9)->(15,21,10)->(16,21,11)->(16,20,12)->(16,19,13)->(16,18,14)->(16,17,15)->(16,16,16)->(17,16,17)->(17,15,18)->(17,14,19)->(18,14,20)->(19,14,21)->(19,13,22)->(20,13,23)->(20,12,24)->(21,12,25)->(21,11,26)->(21,10,27)->(21,9,28)->(21,8,29)->(21,7,30)->(21,6,31)->(21,5,32)->(21,4,33)->(21,3,34)->(21,2,35)->(21,1,36)->
Agent 6:(1,3,0)->(1,4,1)->(2,4,2)->(2,5,3)->(2,6,4)->(2,7,5)->(3,7,6)->(3,8,7)->(3,9,8)->(3,10,9)->(4,10,10)->(5,10,11)->(6,10,12)->(7,10,13)->(7,11,14)->(8,11,15)->(8,12,16)->(8,13,17)->(9,13,18)->(9,14,19)->(10,14,20)->(10,15,21)->(11,15,22)->(12,15,23)->(13,15,24)->(13,16,25)->(13,17,26)->(14,17,27)->(15,17,28)->(15,18,29)->(16,18,30)->(17,18,31)->(17,19,32)->(17,20,33)->(18,20,34)->(18,21,35)->(18,22,36)->(19,22,37)->(19,23,38)->(19,24,39)->(20,24,40)->(20,25,41)->(20,26,42)->(21,26,43)->
Agent 7:(7,21,0)->(7,22,1)->(6,22,2)->(5,22,3)->(4,22,4)->(4,21,5)->(4,20,6)->(4,19,7)->(3,19,8)->(2,19,9)->(1,19,10)->(0,19,11)->
Agent 8:(31,28,0)->(31,27,1)->(31,26,2)->(30,26,3)->(30,25,4)->(29,25,5)->(29,24,6)->(28,24,7)->(27,24,8)->(26,24,9)->(25,24,10)->(24,24,11)->(23,24,12)->(22,24,13)->(21,24,14)->(20,24,15)->(20,23,16)->(19,23,17)->(18,23,18)->(17,23,19)->(16,23,20)->(15,23,21)->(14,23,22)->(13,23,23)->(12,23,24)->(11,23,25)->(10,23,26)->(9,23,27)->(8,23,28)->(7,23,29)->(6,23,30)->(5,23,31)->(4,23,32)->(3,23,33)->(2,23,34)->(1,23,35)->(0,23,36)->(0,22,37)->(0,21,38)->
Agent 9:(4,12,0)->(5,12,1)->(6,12,2)->(7,12,3)->(8,12,4)->(8,13,5)->(9,13,6)->(10,13,7)->(11,13,8)->(12,13,9)->(13,13,10)->(14,13,11)->(15,13,12)->(16,13,13)->(17,13,14)->(18,13,15)->(18,14,16)->(19,14,17)->(20,14,18)->(21,14,19)->(22,14,20)->(23,14,21)->(23,15,22)->(24,15,23)->
Agent 10:(23,17,0)->(23,18,1)->(22,18,2)->(21,18,3)->(20,18,4)->(20,19,5)->(19,19,6)->(18,19,7)->(17,19,8)->(16,19,9)->(15,19,10)->(15,20,11)->(14,20,12)->(13,20,13)->(12,20,14)->(11,20,15)->(10,20,16)->(9,20,17)->(9,21,18)->(8,21,19)->(8,22,20)->(7,22,21)->(6,22,22)->(6,23,23)->(5,23,24)->(5,24,25)->(5,25,26)->(5,26,27)->(5,27,28)->(5,28,29)->(5,29,30)->
Agent 11:(22,8,0)->(22,9,1)->(22,10,2)->(21,10,3)->(21,11,4)->(20,11,5)->(19,11,6)->(18,11,7)->(18,12,8)->(18,13,9)->(18,14,10)->(17,14,11)->(17,15,12)->(16,15,13)->(16,16,14)->(15,16,15)->(15,17,16)->(14,17,17)->(14,18,18)->(13,18,19)->(12,18,20)->(11,18,21)->(10,18,22)->(10,19,23)->(10,20,24)->(10,21,25)->(9,21,26)->(9,22,27)->(8,22,28)->(8,23,29)->(8,24,30)->(8,25,31)->(7,25,32)->(6,25,33)->(5,25,34)->(4,25,35)->(3,25,36)->(2,25,37)->
Agent 12:(16,25,0)->(16,26,1)->(17,26,2)->(18,26,3)->(19,26,4)->(19,27,5)->(20,27,6)->(20,28,7)->(20,29,8)->
Agent 13:(16,15,0)->(17,15,1)->(17,14,2)->(17,13,3)->(17,12,4)->(17,11,5)->(17,10,6)->(17,9,7)->
Agent 14:(30,29,0)->(30,28,1)->(29,28,2)->(28,28,3)->(28,27,4)->(27,27,5)->(26,27,6)->(26,26,7)->(25,26,8)->(24,26,9)->(23,26,10)->(22,26,11)->(21,26,12)->(21,25,13)->(20,25,14)->(19,25,15)->(18,25,16)->(17,25,17)->(16,25,18)->(15,25,19)->(14,25,20)->(13,25,21)->(12,25,22)->(11,25,23)->(10,25,24)->(9,25,25)->(8,25,26)->(7,25,27)->(6,25,28)->(5,25,29)->(4,25,30)->(3,25,31)->(2,25,32)->(1,25,33)->(0,25,34)->
Agent 15:(13,30,0)->(13,29,1)->(12,29,2)->(11,29,3)->(10,29,4)->(9,29,5)->(8,29,6)->(7,29,7)->(6,29,8)->(5,29,9)->(4,29,10)->(3,29,11)->(2,29,12)->
Agent 16:(14,30,0)->(14,29,1)->(14,28,2)->(15,28,3)->(15,27,4)->(15,26,5)->(15,25,6)->(15,24,7)->(15,23,8)->(16,23,9)->(17,23,10)->(17,22,11)->(17,21,12)->(18,21,13)->(18,20,14)->(19,20,15)->(20,20,16)->(20,19,17)->(21,19,18)->(21,18,19)->(22,18,20)->(22,17,21)->(22,16,22)->(23,16,23)->(23,15,24)->(23,14,25)->(24,14,26)->(24,13,27)->
Agent 17:(14,20,0)->(13,20,1)->(12,20,2)->(12,21,3)->(12,22,4)->
Agent 18:(29,21,0)->(28,21,1)->(28,20,2)->(27,20,3)->(26,20,4)->(25,20,5)->(24,20,6)->(23,20,7)->(22,20,8)->(21,20,9)->(20,20,10)->(19,20,11)->(18,20,12)->(17,20,13)->(16,20,14)->(15,20,15)->(14,20,16)->(13,20,17)->(12,20,18)->(11,20,19)->(10,20,20)->(9,20,21)->(8,20,22)->(7,20,23)->(6,20,24)->(5,20,25)->(4,20,26)->
Agent 19:(21,2,0)->(20,2,1)->(20,3,2)->(19,3,3)->(18,3,4)->(17,3,5)->(17,4,6)->(16,4,7)->(16,5,8)->(15,5,9)->(14,5,10)->(13,5,11)->(12,5,12)->(11,5,13)->(11,6,14)->(10,6,15)->(9,6,16)->(8,6,17)->(8,7,18)->(8,8,19)->(8,9,20)->(8,10,21)->(8,11,22)->(8,12,23)->(8,13,24)->(8,14,25)->(8,15,26)->(7,15,27)->(7,16,28)->(6,16,29)->(5,16,30)->(4,16,31)->(3,16,32)->
Agent 20:(9,6,0)->(8,6,1)->(8,7,2)->(7,7,3)->(7,8,4)->(6,8,5)->(6,9,6)->(6,10,7)->(6,11,8)->(6,12,9)->(6,13,10)->(6,14,11)->(6,15,12)->(6,16,13)->(6,17,14)->
Agent 21:(4,23,0)->(4,24,1)->(4,25,2)->(4,26,3)->(4,27,4)->(5,27,5)->(6,27,6)->(7,27,7)->(8,27,8)->(9,27,9)->(10,27,10)->(11,27,11)->(12,27,12)->(13,27,13)->(14,27,14)->(15,27,15)->(16,27,16)->(17,27,17)->(18,27,18)->(19,27,19)->(20,27,20)->
Agent 22:(29,7,0)->(29,6,1)->(28,6,2)->(28,5,3)->(27,5,4)->(27,4,5)->(27,3,6)->(26,3,7)->(26,2,8)->(26,1,9)->(25,1,10)->(25,0,11)->(24,0,12)->(23,0,13)->(22,0,14)->(22,1,15)->(22,2,16)->(21,2,17)->(21,3,18)->(21,4,19)->(21,5,20)->(20,5,21)->(20,6,22)->(19,6,23)->(19,7,24)->(18,7,25)->(17,7,26)->(17,6,27)->(16,6,28)->(16,5,29)->(16,4,30)->
Agent 23:(0,8,0)->(1,8,1)->(1,9,2)->(1,10,3)->(1,11,4)->(1,12,5)->(1,13,6)->(2,13,7)->(2,14,8)->(3,14,9)->(4,14,10)->(5,14,11)->(5,15,12)->(6,15,13)->(7,15,14)->(8,15,15)->(9,15,16)->(9,16,17)->(9,17,18)->(9,18,19)->(9,19,20)->(10,19,21)->(10,20,22)->(11,20,23)->(12,20,24)->(13,20,25)->(13,21,26)->(13,22,27)->(13,23,28)->(13,24,29)->(13,25,30)->(13,26,31)->(13,27,32)->(13,28,33)->(13,29,34)->(13,30,35)->(13,31,36)->
Agent 24:(3,13,0)->(4,13,1)->(4,14,2)->(4,15,3)->(5,15,4)->(6,15,5)->(6,16,6)->(7,16,7)->(8,16,8)->
Agent 25:(16,10,0)->(16,10,1)->(16,10,2)->(16,10,3)->(16,10,4)->(16,10,5)->(16,10,6)->(17,10,7)->(17,10,8)->(17,10,9)->(17,10,10)->(17,10,11)->(17,11,12)->(18,11,13)->(18,12,14)->(18,12,15)->(18,13,16)->(19,13,17)->(18,13,18)->
Agent 26:(16,16,0)->(16,17,1)->(17,17,2)->(18,17,3)->(19,17,4)->(20,17,5)->
Agent 27:(14,6,0)->(14,7,1)->(15,7,2)->(15,8,3)->(15,9,4)->(15,10,5)->(15,11,6)->(15,12,7)->(15,13,8)->(15,14,9)->(15,15,10)->(15,16,11)->(15,16,12)->(15,17,13)->(15,18,14)->(15,19,15)->(15,20,16)->(15,21,17)->(15,22,18)->(15,23,19)->(15,24,20)->(15,25,21)->(15,26,22)->(15,27,23)->(15,28,24)->(15,29,25)->
Agent 28:(1,28,0)->(1,27,1)->(0,27,2)->(0,26,3)->(0,25,4)->(0,24,5)->(0,23,6)->(0,22,7)->(0,21,8)->(0,20,9)->(0,19,10)->(0,18,11)->(0,17,12)->(0,16,13)->(0,15,14)->(0,14,15)->(0,13,16)->(0,12,17)->(0,11,18)->
Agent 29:(12,4,0)->(13,4,1)->(14,4,2)->(14,4,3)->(14,4,4)->(14,4,5)->(14,3,6)->(15,3,7)->(16,3,8)->(16,4,9)->(17,4,10)->(17,4,11)->(17,4,12)->(17,4,13)->(17,4,14)->(17,4,15)->(17,4,16)->(17,4,17)->(17,4,18)->(17,4,19)->(17,4,20)->(17,4,21)->(17,4,22)->(17,4,23)->(17,4,24)->(17,4,25)->(17,4,26)->(17,4,27)->(17,5,28)->(18,5,29)->(19,5,30)->(19,6,31)->(20,6,32)->(21,6,33)->(22,6,34)->(23,6,35)->(24,6,36)->(24,5,37)->
Agent 30:(28,28,0)->(29,28,1)->(29,27,2)->(29,26,3)->(29,25,4)->(29,24,5)->(29,23,6)->(29,22,7)->(29,21,8)->(29,20,9)->(29,19,10)->(29,18,11)->(29,17,12)->(29,16,13)->(29,15,14)->(29,14,15)->
Agent 31:(24,27,0)->(24,27,1)->(24,26,2)->(23,26,3)->(22,26,4)->(22,27,5)->(22,27,6)->(22,27,7)->(22,27,8)->(22,27,9)->(22,27,10)->(22,27,11)->(22,27,12)->(22,27,13)->(22,27,14)->(22,26,15)->(21,26,16)->(21,25,17)->(20,25,18)->(19,25,19)->(18,25,20)->(17,25,21)->(16,25,22)->(15,25,23)->(14,25,24)->(13,25,25)->(12,25,26)->(12,26,27)->(11,26,28)->(10,26,29)->(10,25,30)->(9,25,31)->(8,25,32)->(7,25,33)->(6,25,34)->(5,25,35)->
Agent 32:(25,26,0)->(24,26,1)->(24,25,2)->(24,24,3)->(24,23,4)->(23,23,5)->(23,23,6)->(22,23,7)->(21,23,8)->(20,23,9)->(19,23,10)->(18,23,11)->(17,23,12)->(16,23,13)->(15,23,14)->(14,23,15)->(13,23,16)->(12,23,17)->(11,23,18)->(10,23,19)->(10,22,20)->(9,22,21)->(8,22,22)->(7,22,23)->(6,22,24)->(5,22,25)->(4,22,26)->(3,22,27)->(2,22,28)->(1,22,29)->
Agent 33:(10,5,0)->(11,5,1)->(11,4,2)->(11,3,3)->(12,3,4)->(12,2,5)->(13,2,6)->(13,1,7)->(14,1,8)->(15,1,9)->(16,1,10)->(17,1,11)->(18,1,12)->(19,1,13)->(20,1,14)->(21,1,15)->(22,1,16)->
Agent 34:(27,14,0)->(27,13,1)->(26,13,2)->(25,13,3)->(24,13,4)->(23,13,5)->(22,13,6)->(21,13,7)->(20,13,8)->(19,13,9)->(18,13,10)->(17,13,11)->(17,12,12)->(17,11,13)->(16,11,14)->(15,11,15)->(15,10,16)->(15,9,17)->(15,8,18)->(15,7,19)->(14,7,20)->(14,6,21)->(13,6,22)->(12,6,23)->(12,5,24)->
Agent 35:(11,12,0)->(12,12,1)->(12,11,2)->(12,10,3)->(13,10,4)->
Agent 36:(9,8,0)->(9,9,1)->(9,10,2)->(9,11,3)->(9,12,4)->
Agent 37:(10,21,0)->(11,21,1)->(12,21,2)->(13,21,3)->(13,20,4)->(14,20,5)->(15,20,6)->(16,20,7)->(17,20,8)->(17,19,9)->(18,19,10)->(19,19,11)->(20,19,12)->(21,19,13)->(22,19,14)->(23,19,15)->(24,19,16)->(25,19,17)->(25,18,18)->(25,17,19)->
Agent 38:(25,8,0)->(25,8,1)->(24,8,2)->(23,8,3)->(22,8,4)->(21,8,5)->(20,8,6)->(19,8,7)->(18,8,8)->(17,8,9)->(16,8,10)->(15,8,11)->(15,9,12)->(15,10,13)->(15,11,14)->(14,11,15)->(14,12,16)->(13,12,17)->(13,13,18)->(13,14,19)->
Agent 39:(24,9,0)->(24,8,1)->(23,8,2)->(23,7,3)->(23,6,4)->(23,5,5)->(22,5,6)->
Agent 40:(14,31,0)->(14,30,1)->(14,29,2)->(14,28,3)->(15,28,4)->(15,27,5)->(15,26,6)->(15,25,7)->(16,25,8)->(16,24,9)->(16,23,10)->(16,22,11)->(16,21,12)->(16,20,13)->(16,19,14)->(16,18,15)->(17,18,16)->(18,18,17)->(18,17,18)->(19,17,19)->(19,16,20)->(20,16,21)->(21,16,22)->(21,15,23)->(21,14,24)->(21,13,25)->(22,13,26)->(22,12,27)->(22,11,28)->(22,10,29)->(23,10,30)->(23,9,31)->(23,8,32)->(23,7,33)->(24,7,34)->(24,6,35)->(24,5,36)->(24,4,37)->
Agent 41:(9,15,0)->(9,14,1)->(9,13,2)->(8,13,3)->(7,13,4)->(7,12,5)->(6,12,6)->(5,12,7)->(4,12,8)->(3,12,9)->(3,11,10)->(3,10,11)->(3,9,12)->(3,8,13)->(3,7,14)->
Agent 42:(7,15,0)->(8,15,1)->(8,16,2)->(8,17,3)->(9,17,4)->(10,17,5)->(11,17,6)->(12,17,7)->(13,17,8)->(13,18,9)->(13,19,10)->(13,20,11)->(13,21,12)->(13,22,13)->(13,23,14)->(13,24,15)->(14,24,16)->
Agent 43:(8,15,0)->(8,14,1)->(8,13,2)->(8,12,3)->(8,11,4)->(9,11,5)->(9,10,6)->(9,9,7)->(8,9,8)->(8,8,9)->(8,7,10)->(8,6,11)->(8,5,12)->(8,4,13)->(8,3,14)->(8,2,15)->(8,1,16)->
Agent 44:(7,9,0)->(6,9,1)->(6,9,2)->(7,9,3)->(7,9,4)->(7,8,5)->(8,8,6)->(9,8,7)->(10,8,8)->(10,8,9)->(11,8,10)->(12,8,11)->(12,9,12)->
Agent 45:(7,3,0)->(8,3,1)->(9,3,2)->(9,4,3)->(10,4,4)->(11,4,5)->(11,5,6)->(11,6,7)->(11,7,8)->(11,8,9)->(11,9,10)->(11,10,11)->(11,11,12)->(11,12,13)->(11,13,14)->(11,14,15)->(11,15,16)->(11,16,17)->(11,17,18)->(11,18,19)->(11,19,20)->(12,19,21)->(12,20,22)->(12,21,23)->
Agent 46:(21,15,0)->(21,14,1)->(21,14,2)->(21,14,3)->(21,15,4)->(21,16,5)->(21,17,6)->(22,17,7)->(23,17,8)->(24,17,9)->(25,17,10)->(25,18,11)->(26,18,12)->(27,18,13)->(27,19,14)->(27,19,15)->(27,18,16)->
Agent 47:(14,0,0)->(14,1,1)->(14,2,2)->(14,3,3)->(13,3,4)->(13,4,5)->(13,5,6)->(13,6,7)->(13,7,8)->(14,7,9)->(14,8,10)->(14,9,11)->(14,10,12)->(14,11,13)->(13,11,14)->(13,12,15)->(13,13,16)->(13,14,17)->(13,15,18)->(13,16,19)->(13,17,20)->(13,18,21)->(13,19,22)->(13,20,23)->(13,21,24)->(13,22,25)->(13,23,26)->(12,23,27)->(12,24,28)->(12,25,29)->(12,26,30)->(12,27,31)->(12,28,32)->(12,29,33)->(12,30,34)->
Agent 48:(21,18,0)->(20,18,1)->(19,18,2)->(19,17,3)->(19,16,4)->(19,15,5)->(18,15,6)->(18,14,7)->(17,14,8)->(16,14,9)->(15,14,10)->(14,14,11)->(13,14,12)->(12,14,13)->(11,14,14)->(10,14,15)->(9,14,16)->(8,14,17)->(8,13,18)->(7,13,19)->(6,13,20)->(6,12,21)->(6,12,22)->(6,11,23)->(6,10,24)->(5,10,25)->(5,9,26)->(5,8,27)->(5,7,28)->(5,6,29)->(5,5,30)->(5,4,31)->(4,4,32)->(4,3,33)->(4,2,34)->
Agent 49:(18,5,0)->(19,5,1)->(20,5,2)->(21,5,3)->(22,5,4)->(22,4,5)->(22,3,6)->(22,2,7)->(23,2,8)->(24,2,9)->
Agent 50:(25,19,0)->(26,19,1)->(26,18,2)->(26,17,3)->(25,17,4)->(24,17,5)->(24,16,6)->(23,16,7)->(22,16,8)->(21,16,9)->(20,16,10)->(19,16,11)->(18,16,12)->(18,16,13)->(17,16,14)->(16,16,15)->(15,16,16)->(15,17,17)->(14,17,18)->(13,17,19)->(12,17,20)->(12,17,21)->(11,17,22)->(11,18,23)->
Agent 51:(23,6,0)->(23,7,1)->(22,7,2)->(22,8,3)->(22,9,4)->(22,10,5)->(21,10,6)->(21,11,7)->(21,12,8)->(20,12,9)->(19,12,10)->(18,12,11)->(18,13,12)->(17,13,13)->(17,14,14)->(16,14,15)->(15,14,16)->(14,14,17)->(13,14,18)->(12,14,19)->(11,14,20)->(10,14,21)->(9,14,22)->(8,14,23)->(7,14,24)->(7,15,25)->(6,15,26)->(5,15,27)->(5,16,28)->(4,16,29)->(4,17,30)->(3,17,31)->(2,17,32)->(2,18,33)->(2,19,34)->(2,20,35)->(2,21,36)->(2,22,37)->(2,23,38)->(2,24,39)->
Agent 52:(18,19,0)->(18,18,1)->(18,18,2)->(18,18,3)->(18,17,4)->(18,16,5)->(19,16,6)->(19,15,7)->(20,15,8)->(20,14,9)->(20,13,10)->(20,12,11)->(19,12,12)->(18,12,13)->(17,12,14)->(17,11,15)->(16,11,16)->(15,11,17)->(14,11,18)->(13,11,19)->(12,11,20)->(11,11,21)->(11,10,22)->(10,10,23)->(9,10,24)->
Agent 53:(15,7,0)->(15,6,1)->(14,6,2)->(13,6,3)->(12,6,4)->(11,6,5)->(10,6,6)->(10,5,7)->(9,5,8)->(8,5,9)->(7,5,10)->(6,5,11)->(5,5,12)->(4,5,13)->
Agent 54:(8,30,0)->(8,29,1)->(7,29,2)->(7,28,3)->(6,28,4)->(5,28,5)->(4,28,6)->(3,28,7)->(3,27,8)->(3,26,9)->(3,25,10)->(2,25,11)->(2,24,12)->(2,23,13)->(2,22,14)->(2,21,15)->(2,20,16)->(2,19,17)->(2,18,18)->(2,17,19)->(2,16,20)->(2,15,21)->(2,14,22)->(2,13,23)->(2,12,24)->(2,11,25)->(2,10,26)->(2,9,27)->(1,9,28)->(1,8,29)->(0,8,30)->(0,7,31)->(0,6,32)->(0,5,33)->
Agent 55:(11,22,0)->(12,22,1)->(13,22,2)->(14,22,3)->(14,21,4)->(15,21,5)->(16,21,6)->(17,21,7)->(17,21,8)->(17,20,9)->(17,19,10)->(17,18,11)->(17,17,12)->(17,16,13)->(17,15,14)->(17,14,15)->(17,13,16)->(17,12,17)->(18,12,18)->(18,11,19)->(18,10,20)->(18,9,21)->(18,8,22)->(18,7,23)->(18,6,24)->(18,5,25)->(19,5,26)->(19,4,27)->(19,3,28)->
Agent 56:(2,23,0)->(2,22,1)->(3,22,2)->(4,22,3)->(4,21,4)->(5,21,5)->(6,21,6)->(7,21,7)->(8,21,8)->(9,21,9)->(9,20,10)->(10,20,11)->(11,20,12)->(11,19,13)->(12,19,14)->(13,19,15)->(13,18,16)->(14,18,17)->(15,18,18)->(15,17,19)->(15,16,20)->(15,15,21)->(15,14,22)->(16,14,23)->(17,14,24)->
Agent 57:(31,5,0)->(31,6,1)->(31,7,2)->(31,8,3)->(30,8,4)->(30,9,5)->(30,10,6)->(30,11,7)->(30,12,8)->(30,13,9)->(29,13,10)->(28,13,11)->(27,13,12)->(26,13,13)->(26,14,14)->(26,15,15)->(25,15,16)->(25,16,17)->(24,16,18)->(23,16,19)->(23,17,20)->(23,18,21)->(23,19,22)->
Agent 58:(7,7,0)->(8,7,1)->(9,7,2)->(10,7,3)->(10,8,4)->(11,8,5)->(12,8,6)->(13,8,7)->(13,9,8)->(14,9,9)->(15,9,10)->(16,9,11)->(16,10,12)->(17,10,13)->(17,11,14)->(18,11,15)->(18,12,16)->(18,13,17)->(18,14,18)->(18,15,19)->(18,16,20)->
Agent 59:(7,13,0)->(7,14,1)->(8,14,2)->(8,15,3)->(9,15,4)->(9,16,5)->(9,17,6)->(10,17,7)->(11,17,8)->(12,17,9)->(13,17,10)->(14,17,11)->(15,17,12)->(16,17,13)->(17,17,14)->
Agent 60:(14,1,0)->(13,1,1)->(12,1,2)->(12,2,3)->(11,2,4)->(11,3,5)->(10,3,6)->(10,4,7)->(10,5,8)->(9,5,9)->(8,5,10)->(7,5,11)->(7,6,12)->(7,7,13)->(6,7,14)->(5,7,15)->(4,7,16)->(4,8,17)->(3,8,18)->(3,9,19)->(3,10,20)->(3,11,21)->(3,12,22)->(3,13,23)->(3,14,24)->(3,15,25)->(3,16,26)->(3,17,27)->(3,18,28)->(3,19,29)->
Agent 61:(26,28,0)->(26,27,1)->(26,26,2)->(26,25,3)->(26,24,4)->(26,23,5)->(26,22,6)->(26,21,7)->(26,20,8)->(26,19,9)->(26,18,10)->(26,17,11)->
Agent 62:(25,24,0)->(25,23,1)->(24,23,2)->(24,22,3)->(24,21,4)->(24,20,5)->(24,19,6)->(24,18,7)->(24,17,8)->(24,16,9)->(24,15,10)->(24,14,11)->(24,13,12)->(24,12,13)->(23,12,14)->(23,11,15)->(23,10,16)->(22,10,17)->(22,9,18)->(21,9,19)->(21,8,20)->(20,8,21)->(19,8,22)->(18,8,23)->(17,8,24)->(17,7,25)->(17,6,26)->(17,5,27)->(16,5,28)->(16,4,29)->(15,4,30)->(14,4,31)->(13,4,32)->(12,4,33)->(11,4,34)->(10,4,35)->(9,4,36)->(8,4,37)->(7,4,38)->(6,4,39)->(5,4,40)->
Agent 63:(5,31,0)->(5,30,1)->(6,30,2)->(7,30,3)->(7,29,4)->(7,28,5)->(7,27,6)->(7,26,7)->(7,25,8)->(7,24,9)->(8,24,10)->(8,23,11)->(8,22,12)->(9,22,13)->(10,22,14)->(11,22,15)->(11,21,16)->(12,21,17)->(13,21,18)->(14,21,19)->(14,20,20)->(15,20,21)->(15,19,22)->(15,18,23)->(15,17,24)->(15,16,25)->(15,15,26)->(15,14,27)->(15,13,28)->(15,12,29)->
Agent 64:(23,16,0)->(23,17,1)->(23,18,2)->(23,19,3)->(23,20,4)->(23,21,5)->(22,21,6)->(21,21,7)->(20,21,8)->(19,21,9)->(18,21,10)->(18,22,11)->(17,22,12)->(16,22,13)->(15,22,14)->(14,22,15)->(14,21,16)->(14,20,17)->(13,20,18)->(12,20,19)->(11,20,20)->(10,20,21)->(9,20,22)->(8,20,23)->(7,20,24)->
Agent 65:(27,12,0)->(27,11,1)->(26,11,2)->(25,11,3)->(25,10,4)->(24,10,5)->(23,10,6)->(22,10,7)->(21,10,8)->(21,9,9)->(21,8,10)->(20,8,11)->(20,7,12)->(19,7,13)->(18,7,14)->(17,7,15)->(16,7,16)->(15,7,17)->(14,7,18)->(13,7,19)->(12,7,20)->(11,7,21)->(10,7,22)->(9,7,23)->(8,7,24)->(7,7,25)->(6,7,26)->(5,7,27)->(4,7,28)->
Agent 66:(9,0,0)->(9,1,1)->(9,2,2)->(9,3,3)->(8,3,4)->(8,4,5)->(8,5,6)->(7,5,7)->(7,6,8)->(7,7,9)->(6,7,10)->(6,8,11)->(6,9,12)->(5,9,13)->(4,9,14)->(4,10,15)->(3,10,16)->(2,10,17)->(1,10,18)->
Agent 67:(5,14,0)->(5,14,1)->(5,14,2)->(5,14,3)->(5,14,4)->(5,15,5)->(5,16,6)->(5,17,7)->(5,18,8)->(6,18,9)->(7,18,10)->(8,18,11)->(9,18,12)->(9,17,13)->(9,16,14)->(10,16,15)->(10,15,16)->(11,15,17)->(12,15,18)->(12,15,19)->(12,14,20)->
Agent 68:(9,25,0)->(10,25,1)->(10,26,2)->(11,26,3)->(12,26,4)->(13,26,5)->(14,26,6)->(15,26,7)->(16,26,8)->(17,26,9)->(18,26,10)->(19,26,11)->(20,26,12)->(21,26,13)->(22,26,14)->(23,26,15)->(24,26,16)->(25,26,17)->(26,26,18)->
Agent 69:(20,6,0)->(19,6,1)->(18,6,2)->(17,6,3)->(16,6,4)->(15,6,5)->(15,7,6)->(15,8,7)->(14,8,8)->(13,8,9)->(13,9,10)->(12,9,11)->(11,9,12)->(11,10,13)->(11,11,14)->(11,12,15)->(11,13,16)->(11,14,17)->(11,15,18)->(11,16,19)->(11,17,20)->(11,17,21)->(11,18,22)->(11,19,23)->(11,20,24)->(11,21,25)->(11,22,26)->(11,23,27)->(11,24,28)->(11,25,29)->(11,26,30)->(11,27,31)->(11,28,32)->(11,29,33)->(11,30,34)->(11,31,35)->
Agent 70:(21,4,0)->(21,5,1)->(21,6,2)->(21,7,3)->(21,8,4)->(21,9,5)->(21,9,6)->(21,10,7)->(21,11,8)->(21,11,9)->(21,12,10)->(21,13,11)->(20,13,12)->(20,14,13)->(19,14,14)->(19,15,15)->(19,16,16)->(19,17,17)->(19,18,18)->(18,18,19)->(17,18,20)->(17,19,21)->(17,20,22)->(17,21,23)->(17,22,24)->(17,23,25)->(17,24,26)->(17,25,27)->(17,26,28)->(17,27,29)->(17,28,30)->(17,29,31)->
Agent 71:(31,24,0)->(30,24,1)->(30,23,2)->(30,22,3)->(30,21,4)->(30,20,5)->(29,20,6)->(28,20,7)->(27,20,8)->(27,19,9)->(26,19,10)->(25,19,11)->(25,18,12)->(24,18,13)->(23,18,14)->(22,18,15)->(22,17,16)->(22,16,17)->(21,16,18)->(21,15,19)->(20,15,20)->(20,14,21)->(19,14,22)->(19,13,23)->(19,12,24)->(19,11,25)->(18,11,26)->(18,10,27)->(17,10,28)->(16,10,29)->(16,9,30)->(16,8,31)->(15,8,32)->(15,7,33)->(14,7,34)->(13,7,35)->(13,6,36)->(13,5,37)->
Agent 72:(17,30,0)->(17,31,1)->(18,31,2)->(19,31,3)->(20,31,4)->(21,31,5)->(22,31,6)->(23,31,7)->(24,31,8)->(25,31,9)->(26,31,10)->
Agent 73:(16,29,0)->(16,28,1)->(16,27,2)->(15,27,3)->(15,26,4)->(14,26,5)->(14,25,6)->(13,25,7)->(13,24,8)->(12,24,9)->(11,24,10)->(11,23,11)->(10,23,12)->(10,22,13)->(10,21,14)->(10,20,15)->(10,19,16)->(10,18,17)->(10,17,18)->
Agent 74:(14,4,0)->(14,5,1)->(15,5,2)->(16,5,3)->(17,5,4)->(17,6,5)->(17,7,6)->(18,7,7)->(19,7,8)->(20,7,9)->(21,7,10)->(22,7,11)->(23,7,12)->(24,7,13)->(25,7,14)->
Agent 75:(23,28,0)->(23,27,1)->(23,26,2)->(22,26,3)->(22,25,4)->(22,24,5)->(22,23,6)->(21,23,7)->(21,22,8)->(21,21,9)->(21,20,10)->(21,19,11)->(21,18,12)->(21,17,13)->
Agent 76:(30,18,0)->(30,19,1)->(30,19,2)->(30,19,3)->(30,19,4)->(30,19,5)->(30,20,6)->(29,20,7)->(28,20,8)->(27,20,9)->
Agent 77:(0,1,0)->(1,1,1)->(1,2,2)->(1,3,3)->(2,3,4)->(2,4,5)->(2,5,6)->(2,6,7)->(3,6,8)->(4,6,9)->(4,7,10)->(4,8,11)->(4,9,12)->(4,10,13)->(5,10,14)->(5,11,15)->(5,12,16)->(5,13,17)->(5,14,18)->(5,15,19)->(5,16,20)->(5,17,21)->(5,18,22)->(6,18,23)->(6,19,24)->(6,20,25)->(6,21,26)->(6,22,27)->(6,23,28)->(6,24,29)->(6,25,30)->(7,25,31)->(7,26,32)->(7,27,33)->(7,28,34)->(7,29,35)->(7,30,36)->(7,31,37)->
Agent 78:(20,30,0)->(20,29,1)->(19,29,2)->(18,29,3)->(18,28,4)->(17,28,5)->(17,27,6)->(17,26,7)->(17,25,8)->(17,24,9)->(16,24,10)->(16,23,11)->(16,22,12)->(16,21,13)->(16,21,14)->(16,20,15)->(16,19,16)->(16,18,17)->(16,17,18)->(16,16,19)->(16,15,20)->(16,14,21)->(16,13,22)->(15,13,23)->(14,13,24)->(13,13,25)->(13,12,26)->(13,11,27)->(12,11,28)->(11,11,29)->(11,10,30)->(10,10,31)->(10,9,32)->(10,8,33)->(10,7,34)->(9,7,35)->(8,7,36)->(8,6,37)->(7,6,38)->(7,5,39)->(7,4,40)->
Agent 79:(9,7,0)->(9,8,1)->(8,8,2)->(7,8,3)->(6,8,4)->(5,8,5)->(5,9,6)->(5,10,7)->(4,10,8)->(4,11,9)->(4,12,10)->(4,13,11)->(4,14,12)->(4,15,13)->(4,16,14)->(4,17,15)->(4,18,16)->(4,19,17)->(4,20,18)->(4,21,19)->(4,22,20)->(4,23,21)->(4,24,22)->(4,25,23)->(4,26,24)->(4,27,25)->(4,28,26)->(4,29,27)->(4,30,28)->
Agent 80:(18,3,0)->(18,2,1)->(19,2,2)->(20,2,3)->(21,2,4)->(22,2,5)->(23,2,6)->(24,2,7)->(25,2,8)->(26,2,9)->(27,2,10)->(28,2,11)->
Agent 81:(12,0,0)->(13,0,1)->(13,1,2)->(13,2,3)->(14,2,4)->(14,3,5)->(15,3,6)->(16,3,7)->(17,3,8)->(18,3,9)->(19,3,10)->(19,4,11)->(19,5,12)->(20,5,13)->(21,5,14)->(21,6,15)->(21,7,16)->(22,7,17)->(22,8,18)->(22,9,19)->(22,10,20)->(22,11,21)->(23,11,22)->(24,11,23)->(25,11,24)->(25,12,25)->(26,12,26)->(27,12,27)->(28,12,28)->(28,13,29)->(28,14,30)->(28,15,31)->(28,16,32)->(28,17,33)->(29,17,34)->(29,18,35)->(29,19,36)->(29,20,37)->(29,21,38)->(29,22,39)->(29,23,40)->(30,23,41)->(30,24,42)->(30,25,43)->(30,26,44)->(30,27,45)->(30,28,46)->(30,29,47)->(30,30,48)->
Agent 82:(7,12,0)->(7,13,1)->(7,13,2)->(7,13,3)->(7,12,4)->(6,12,5)->(5,12,6)->(5,11,7)->(5,11,8)->(5,11,9)->(5,11,10)->(5,11,11)->(5,10,12)->(5,10,13)->(5,9,14)->(5,8,15)->(5,7,16)->(6,7,17)->(7,7,18)->(8,7,19)->(8,6,20)->(9,6,21)->(10,6,22)->(11,6,23)->(12,6,24)->(13,6,25)->(14,6,26)->(15,6,27)->(15,6,28)->(16,6,29)->(17,6,30)->(18,6,31)->(19,6,32)->(20,6,33)->(21,6,34)->(22,6,35)->
Agent 83:(6,19,0)->(6,18,1)->(6,17,2)->(6,16,3)->(7,16,4)->(7,15,5)->(7,14,6)->(7,13,7)->(8,13,8)->(9,13,9)->(10,13,10)->(11,13,11)->(12,13,12)->(12,12,13)->(13,12,14)->(14,12,15)->(15,12,16)->(16,12,17)->(17,12,18)->(18,12,19)->(19,12,20)->(20,12,21)->(21,12,22)->(22,12,23)->(23,12,24)->
Agent 84:(22,17,0)->(21,17,1)->(21,16,2)->(21,15,3)->(20,15,4)->(20,14,5)->(20,13,6)->(20,12,7)->(20,11,8)->(19,11,9)->(18,11,10)->(17,11,11)->(16,11,12)->(15,11,13)->(14,11,14)->(13,11,15)->(12,11,16)->(11,11,17)->(10,11,18)->(9,11,19)->(8,11,20)->(7,11,21)->(6,11,22)->(5,11,23)->
Agent 85:(27,3,0)->(27,4,1)->(27,5,2)->(27,6,3)->(27,6,4)->(27,5,5)->(27,4,6)->(27,3,7)->(27,3,8)->(27,3,9)->(27,3,10)->(27,2,11)->(26,2,12)->(26,1,13)->(25,1,14)->(25,0,15)->(24,0,16)->(23,0,17)->(22,0,18)->(21,0,19)->(21,1,20)->(21,2,21)->(21,3,22)->(20,3,23)->(19,3,24)->(19,2,25)->(18,2,26)->(17,2,27)->(16,2,28)->(15,2,29)->(14,2,30)->(14,3,31)->(14,4,32)->(14,5,33)->(14,6,34)->(14,7,35)->(13,7,36)->
Agent 86:(12,12,0)->(13,12,1)->(13,13,2)->(13,14,3)->(13,15,4)->(14,15,5)->(14,16,6)->(14,17,7)->(14,18,8)->(14,19,9)->(14,20,10)->(14,21,11)->(14,22,12)->(14,23,13)->(14,24,14)->(14,25,15)->(14,26,16)->
Agent 87:(2,5,0)->(2,6,1)->(3,6,2)->(4,6,3)->(5,6,4)->(6,6,5)->(7,6,6)->(8,6,7)->(9,6,8)->(10,6,9)->(11,6,10)->(12,6,11)->(13,6,12)->(14,6,13)->(15,6,14)->(16,6,15)->(17,6,16)->(18,6,17)->(19,6,18)->(20,6,19)->(21,6,20)->(22,6,21)->(23,6,22)->(24,6,23)->(25,6,24)->(26,6,25)->(27,6,26)->(28,6,27)->(29,6,28)->(30,6,29)->
Agent 88:(1,0,0)->(2,0,1)->(2,1,2)->(2,2,3)->(3,2,4)->(3,3,5)->(3,4,6)->(3,5,7)->(4,5,8)->(5,5,9)->(5,6,10)->(5,7,11)->(6,7,12)->(6,8,13)->(7,8,14)->(8,8,15)->(8,9,16)->(8,10,17)->(8,11,18)->(8,12,19)->(8,13,20)->(8,14,21)->(8,15,22)->(9,15,23)->(9,16,24)->(9,17,25)->(9,18,26)->(9,19,27)->(9,20,28)->(9,21,29)->(10,21,30)->(10,22,31)->(10,23,32)->
Agent 89:(30,12,0)->(29,12,1)->(28,12,2)->(27,12,3)->(26,12,4)->(25,12,5)->(24,12,6)->(23,12,7)->(22,12,8)->(21,12,9)->(20,12,10)->(19,12,11)->(18,12,12)->(17,12,13)->(16,12,14)->(16,11,15)->(15,11,16)->(14,11,17)->(13,11,18)->(12,11,19)->(11,11,20)->(10,11,21)->(10,10,22)->(9,10,23)->(8,10,24)->(7,10,25)->(6,10,26)->(5,10,27)->
Agent 90:(22,27,0)->(22,27,1)->(23,27,2)->(24,27,3)->(24,26,4)->(24,25,5)->(24,24,6)->(24,23,7)->(24,22,8)->(25,22,9)->(25,21,10)->(25,20,11)->(26,20,12)->(26,19,13)->(26,18,14)->(27,18,15)->(27,17,16)->(27,16,17)->(27,15,18)->(27,14,19)->(27,13,20)->(27,12,21)->(27,11,22)->(27,10,23)->(27,9,24)->(27,8,25)->(27,7,26)->(27,6,27)->
Agent 91:(23,27,0)->(23,26,1)->(23,25,2)->(23,24,3)->(23,23,4)->(23,22,5)->(23,21,6)->(24,21,7)->(24,20,8)->(24,19,9)->(24,18,10)->(24,17,11)->(24,16,12)->(24,15,13)->(24,14,14)->(24,13,15)->(23,13,16)->(23,12,17)->(23,11,18)->(23,10,19)->(23,9,20)->(23,8,21)->(23,7,22)->(23,6,23)->(23,5,24)->(23,4,25)->(23,3,26)->
Agent 92:(19,23,0)->(20,23,1)->(21,23,2)->(21,24,3)->(21,25,4)->(21,26,5)->(22,26,6)->(23,26,7)->(24,26,8)->(24,27,9)->(24,28,10)->(24,29,11)->(24,30,12)->(24,31,13)->
Agent 93:(23,29,0)->(23,28,1)->(24,28,2)->(25,28,3)->(25,27,4)->(25,26,5)->(25,25,6)->(25,24,7)->(25,23,8)->(25,23,9)->(25,22,10)->(25,21,11)->(25,20,12)->(25,19,13)->(25,18,14)->(25,17,15)->(25,16,16)->(26,16,17)->(26,15,18)->(26,14,19)->(26,13,20)->(26,12,21)->(26,11,22)->(26,10,23)->(26,9,24)->
Agent 94:(26,1,0)->(26,2,1)->(25,2,2)->(24,2,3)->(24,3,4)->(23,3,5)->(23,4,6)->(23,5,7)->(23,6,8)->(22,6,9)->(22,7,10)->(22,8,11)->(22,9,12)->(22,10,13)->(22,11,14)->(21,11,15)->(21,12,16)->(20,12,17)->(19,12,18)->(19,13,19)->(19,14,20)->(19,15,21)->(19,16,22)->(19,17,23)->(19,18,24)->(18,18,25)->(17,18,26)->(17,19,27)->(17,20,28)->(16,20,29)->(16,21,30)->(15,21,31)->(15,22,32)->(14,22,33)->(13,22,34)->(13,23,35)->(13,24,36)->(12,24,37)->(11,24,38)->(11,25,39)->(11,26,40)->(10,26,41)->(9,26,42)->(8,26,43)->(7,26,44)->(6,26,45)->(5,26,46)->
Agent 95:(10,7,0)->(10,8,1)->(10,9,2)->(10,10,3)->(9,10,4)->(8,10,5)->(8,11,6)->(8,12,7)->(7,12,8)->(7,12,9)->(6,12,10)->(5,12,11)->(4,12,12)->(3,12,13)->(2,12,14)->(1,12,15)->
Agent 96:(27,28,0)->(27,27,1)->(26,27,2)->(26,26,3)->(26,25,4)->(25,25,5)->(25,24,6)->(25,23,7)->(24,23,8)->(23,23,9)->(22,23,10)->(21,23,11)->(21,22,12)->(21,21,13)->(20,21,14)->(19,21,15)->(18,21,16)->(17,21,17)->(16,21,18)->(16,20,19)->(16,19,20)->(15,19,21)->(14,19,22)->(13,19,23)->(12,19,24)->(12,18,25)->(12,17,26)->(12,16,27)->(12,15,28)->(11,15,29)->(10,15,30)->(9,15,31)->(8,15,32)->(8,14,33)->(8,13,34)->(8,12,35)->
Agent 97:(14,22,0)->(13,22,1)->(13,21,2)->(13,20,3)->(12,20,4)->(12,20,5)->(12,20,6)->(12,20,7)->(12,20,8)->(12,20,9)->(12,20,10)->(12,20,11)->(12,20,12)->(11,20,13)->(11,19,14)->(11,19,15)->(11,19,16)->(10,19,17)->(9,19,18)->(9,20,19)->(9,20,20)->(9,19,21)->(9,19,22)->(9,20,23)->(8,20,24)->
Agent 98:(6,8,0)->(7,8,1)->(7,9,2)->(7,10,3)->(8,10,4)->(8,11,5)->(9,11,6)->(10,11,7)->(10,12,8)->(11,12,9)->(11,13,10)->(12,13,11)->(12,14,12)->(12,15,13)->(13,15,14)->(14,15,15)->(14,16,16)->(15,16,17)->(15,17,18)->(16,17,19)->(16,18,20)->(16,19,21)->(16,20,22)->(17,20,23)->(18,20,24)->(19,20,25)->(19,21,26)->(20,21,27)->(21,21,28)->(22,21,29)->(23,21,30)->(24,21,31)->(25,21,32)->(26,21,33)->
Agent 99:(7,28,0)->(7,27,1)->(7,27,2)->(7,27,3)->(7,28,4)->(6,28,5)->(6,28,6)->(6,28,7)->(6,28,8)->(6,29,9)->(6,30,10)->(7,30,11)->(8,30,12)->(9,30,13)->(9,29,14)->(10,29,15)->(11,29,16)->(12,29,17)->(12,28,18)->(12,27,19)->(12,26,20)->(12,26,21)->(12,26,22)->(12,25,23)->(11,25,24)->(11,24,25)->(10,24,26)->(9,24,27)->(8,24,28)->(7,24,29)->(6,24,30)->(6,23,31)->(5,23,32)->
