Agent 0:(12,24,0)->(12,24,1)->(12,24,2)->(12,24,3)->(12,24,4)->(12,24,5)->(12,24,6)->(12,24,7)->(12,24,8)->(12,24,9)->(12,24,10)->(12,24,11)->(12,24,12)->(12,24,13)->(12,24,14)->(12,24,15)->(12,24,16)->(12,24,17)->(12,24,18)->(12,24,19)->(12,24,20)->(12,24,21)->(12,24,22)->(12,25,23)->(12,25,24)->(12,25,25)->(12,25,26)->(12,26,27)->(12,27,28)->(13,27,29)->(14,27,30)->(15,27,31)->(15,26,32)->(15,25,33)->(15,24,34)->(15,23,35)->(16,23,36)->(17,23,37)->(18,23,38)->(19,23,39)->(20,23,40)->(21,23,41)->
Agent 1:(23,26,0)->(23,26,1)->(23,26,2)->(23,26,3)->(23,26,4)->(23,26,5)->(23,26,6)->(23,26,7)->(23,26,8)->(23,26,9)->(23,26,10)->(23,26,11)->(23,25,12)->(24,25,13)->(24,25,14)->(24,25,15)->(23,25,16)->(23,25,17)->(24,25,18)->(24,24,19)->(24,23,20)->(25,23,21)->(26,23,22)->(26,22,23)->(26,21,24)->(26,21,25)->(27,21,26)->(28,21,27)->(29,21,28)->(29,20,29)->(30,20,30)->
Agent 2:(15,8,0)->(16,8,1)->(17,8,2)->(17,9,3)->(17,10,4)->(18,10,5)->(18,11,6)->(19,11,7)->(19,12,8)->(20,12,9)->(20,13,10)->(21,13,11)->(21,14,12)->(21,15,13)->(22,15,14)->(23,15,15)->(23,16,16)->(23,17,17)->(24,17,18)->(24,18,19)->(24,19,20)->(24,20,21)->(25,20,22)->(26,20,23)->(27,20,24)->(27,21,25)->(27,22,26)->(28,22,27)->(29,22,28)->(30,22,29)->
Agent 3:(25,10,0)->(26,10,1)->(26,9,2)->(27,9,3)->(28,9,4)->(29,9,5)->(30,9,6)->(31,9,7)->
Agent 4:(20,1,0)->(20,2,1)->(21,2,2)->(21,3,3)->(22,3,4)->(22,4,5)->(22,5,6)->(23,5,7)->(23,6,8)->(23,7,9)->(23,8,10)->(24,8,11)->(25,8,12)->(26,8,13)->(26,9,14)->(27,9,15)->(27,10,16)->(28,10,17)->(28,11,18)->(29,11,19)->(30,11,20)->(30,12,21)->(30,13,22)->(30,14,23)->(30,15,24)->(30,16,25)->(30,17,26)->(30,18,27)->(30,19,28)->(30,20,29)->(30,21,30)->
Agent 5:(11,27,0)->(12,27,1)->(12,26,2)->(13,26,3)->(13,25,4)->(13,24,5)->(13,23,6)->(13,22,7)->(13,21,8)->(13,20,9)->(14,20,10)->(14,19,11)->(15,19,12)->(15,18,13)->(15,17,14)->(15,16,15)->(15,15,16)->(15,14,17)->(15,13,18)->(16,13,19)->(17,13,20)->(17,12,21)->(17,11,22)->(18,11,23)->(18,10,24)->(18,9,25)->(18,8,26)->(19,8,27)->(19,7,28)->(19,6,29)->(19,5,30)->(19,4,31)->(20,4,32)->(21,4,33)->(21,3,34)->(21,2,35)->(21,1,36)->
Agent 6:(1,3,0)->(1,4,1)->(2,4,2)->(3,4,3)->(3,5,4)->(4,5,5)->(5,5,6)->(5,6,7)->(6,6,8)->(7,6,9)->(8,6,10)->(9,6,11)->(10,6,12)->(10,7,13)->(10,8,14)->(11,8,15)->(12,8,16)->(13,8,17)->(14,8,18)->(15,8,19)->(15,9,20)->(15,10,21)->(16,10,22)->(17,10,23)->(17,11,24)->(17,12,25)->(18,12,26)->(19,12,27)->(19,13,28)->(19,14,29)->(19,15,30)->(20,15,31)->(21,15,32)->(21,16,33)->(21,17,34)->(21,18,35)->(21,19,36)->(21,20,37)->(21,21,38)->(21,22,39)->(21,23,40)->(21,24,41)->(21,25,42)->(21,26,43)->
Agent 7:(7,21,0)->(7,22,1)->(6,22,2)->(5,22,3)->(5,21,4)->(5,20,5)->(4,20,6)->(4,19,7)->(3,19,8)->(2,19,9)->(1,19,10)->(0,19,11)->
Agent 8:(31,28,0)->(31,27,1)->(31,26,2)->(31,25,3)->(30,25,4)->(30,24,5)->(29,24,6)->(28,24,7)->(27,24,8)->(26,24,9)->(25,24,10)->(24,24,11)->(23,24,12)->(22,24,13)->(21,24,14)->(20,24,15)->(19,24,16)->(18,24,17)->(17,24,18)->(16,24,19)->(15,24,20)->(14,24,21)->(13,24,22)->(12,24,23)->(11,24,24)->(11,23,25)->(10,23,26)->(10,22,27)->(10,21,28)->(9,21,29)->(8,21,30)->(7,21,31)->(6,21,32)->(5,21,33)->(4,21,34)->(3,21,35)->(2,21,36)->(1,21,37)->(0,21,38)->
Agent 9:(4,12,0)->(4,12,1)->(4,13,2)->(5,13,3)->(6,13,4)->(6,13,5)->(7,13,6)->(7,14,7)->(8,14,8)->(8,14,9)->(8,14,10)->(9,14,11)->(10,14,12)->(11,14,13)->(11,15,14)->(12,15,15)->(12,15,16)->(13,15,17)->(14,15,18)->(15,15,19)->(16,15,20)->(17,15,21)->(18,15,22)->(19,15,23)->(20,15,24)->(21,15,25)->(22,15,26)->(23,15,27)->(24,15,28)->
Agent 10:(23,17,0)->(22,17,1)->(21,17,2)->(20,17,3)->(20,18,4)->(20,19,5)->(19,19,6)->(19,20,7)->(18,20,8)->(17,20,9)->(17,21,10)->(16,21,11)->(15,21,12)->(15,22,13)->(15,23,14)->(14,23,15)->(14,24,16)->(14,25,17)->(13,25,18)->(13,26,19)->(13,27,20)->(13,28,21)->(12,28,22)->(11,28,23)->(11,29,24)->(10,29,25)->(9,29,26)->(8,29,27)->(7,29,28)->(6,29,29)->(5,29,30)->
Agent 11:(22,8,0)->(22,9,1)->(21,9,2)->(21,10,3)->(20,10,4)->(20,11,5)->(19,11,6)->(19,12,7)->(19,13,8)->(18,13,9)->(18,14,10)->(17,14,11)->(17,15,12)->(17,16,13)->(17,17,14)->(17,18,15)->(17,19,16)->(16,19,17)->(15,19,18)->(15,20,19)->(14,20,20)->(14,21,21)->(14,22,22)->(14,23,23)->(14,24,24)->(13,24,25)->(13,25,26)->(12,25,27)->(11,25,28)->(10,25,29)->(9,25,30)->(8,25,31)->(7,25,32)->(6,25,33)->(5,25,34)->(4,25,35)->(3,25,36)->(2,25,37)->
Agent 12:(16,25,0)->(16,26,1)->(16,27,2)->(17,27,3)->(17,28,4)->(17,28,5)->(17,29,6)->(18,29,7)->(19,29,8)->(20,29,9)->
Agent 13:(16,15,0)->(16,14,1)->(16,13,2)->(16,12,3)->(16,11,4)->(16,10,5)->(16,9,6)->(17,9,7)->
Agent 14:(30,29,0)->(29,29,1)->(29,28,2)->(29,27,3)->(29,26,4)->(29,25,5)->(28,25,6)->(27,25,7)->(26,25,8)->(25,25,9)->(24,25,10)->(23,25,11)->(22,25,12)->(21,25,13)->(20,25,14)->(19,25,15)->(18,25,16)->(17,25,17)->(16,25,18)->(15,25,19)->(14,25,20)->(13,25,21)->(12,25,22)->(11,25,23)->(10,25,24)->(9,25,25)->(8,25,26)->(7,25,27)->(6,25,28)->(5,25,29)->(4,25,30)->(3,25,31)->(2,25,32)->(1,25,33)->(0,25,34)->
Agent 15:(13,30,0)->(12,30,1)->(11,30,2)->(11,29,3)->(10,29,4)->(9,29,5)->(8,29,6)->(7,29,7)->(6,29,8)->(5,29,9)->(4,29,10)->(3,29,11)->(2,29,12)->
Agent 16:(14,30,0)->(14,30,1)->(14,30,2)->(15,30,3)->(16,30,4)->(17,30,5)->(18,30,6)->(19,30,7)->(20,30,8)->(21,30,9)->(22,30,10)->(23,30,11)->(23,29,12)->(24,29,13)->(24,28,14)->(24,27,15)->(24,26,16)->(24,25,17)->(24,24,18)->(24,23,19)->(24,22,20)->(24,21,21)->(24,20,22)->(24,19,23)->(24,18,24)->(24,17,25)->(24,16,26)->(24,15,27)->(24,14,28)->(24,13,29)->
Agent 17:(14,20,0)->(13,20,1)->(12,20,2)->(12,21,3)->(12,22,4)->
Agent 18:(29,21,0)->(29,20,1)->(28,20,2)->(27,20,3)->(26,20,4)->(25,20,5)->(24,20,6)->(23,20,7)->(22,20,8)->(21,20,9)->(20,20,10)->(19,20,11)->(18,20,12)->(17,20,13)->(16,20,14)->(15,20,15)->(14,20,16)->(13,20,17)->(12,20,18)->(11,20,19)->(10,20,20)->(9,20,21)->(8,20,22)->(7,20,23)->(6,20,24)->(5,20,25)->(4,20,26)->
Agent 19:(21,2,0)->(21,3,1)->(20,3,2)->(19,3,3)->(19,4,4)->(18,4,5)->(18,5,6)->(17,5,7)->(16,5,8)->(15,5,9)->(14,5,10)->(13,5,11)->(13,6,12)->(13,7,13)->(12,7,14)->(11,7,15)->(11,8,16)->(10,8,17)->(10,9,18)->(10,10,19)->(9,10,20)->(8,10,21)->(7,10,22)->(7,11,23)->(7,12,24)->(7,13,25)->(7,14,26)->(7,15,27)->(7,16,28)->(6,16,29)->(5,16,30)->(4,16,31)->(3,16,32)->
Agent 20:(9,6,0)->(8,6,1)->(7,6,2)->(6,6,3)->(6,7,4)->(6,8,5)->(6,9,6)->(6,10,7)->(6,11,8)->(6,12,9)->(6,13,10)->(6,14,11)->(6,15,12)->(6,16,13)->(6,17,14)->
Agent 21:(4,23,0)->(5,23,1)->(5,24,2)->(5,25,3)->(6,25,4)->(6,26,5)->(6,27,6)->(7,27,7)->(8,27,8)->(9,27,9)->(10,27,10)->(11,27,11)->(12,27,12)->(13,27,13)->(14,27,14)->(15,27,15)->(16,27,16)->(17,27,17)->(18,27,18)->(19,27,19)->(20,27,20)->
Agent 22:(29,7,0)->(29,6,1)->(29,5,2)->(29,4,3)->(28,4,4)->(27,4,5)->(26,4,6)->(25,4,7)->(24,4,8)->(23,4,9)->(22,4,10)->(21,4,11)->(20,4,12)->(19,4,13)->(18,4,14)->(17,4,15)->(16,4,16)->
Agent 23:(0,8,0)->(1,8,1)->(1,9,2)->(2,9,3)->(3,9,4)->(3,10,5)->(3,11,6)->(4,11,7)->(5,11,8)->(6,11,9)->(6,12,10)->(7,12,11)->(7,13,12)->(8,13,13)->(8,14,14)->(8,15,15)->(9,15,16)->(9,16,17)->(10,16,18)->(10,17,19)->(11,17,20)->(12,17,21)->(13,17,22)->(13,18,23)->(13,19,24)->(13,20,25)->(13,21,26)->(13,22,27)->(13,23,28)->(13,24,29)->(13,25,30)->(13,26,31)->(13,27,32)->(13,28,33)->(13,29,34)->(13,30,35)->(13,31,36)->
Agent 24:(3,13,0)->(4,13,1)->(5,13,2)->(6,13,3)->(6,14,4)->(7,14,5)->(7,15,6)->(8,15,7)->(8,16,8)->
Agent 25:(16,10,0)->(16,10,1)->(16,10,2)->(16,10,3)->(16,10,4)->(17,10,5)->(17,11,6)->(17,12,7)->(18,12,8)->(18,12,9)->(18,13,10)->
Agent 26:(16,16,0)->(16,17,1)->(17,17,2)->(18,17,3)->(19,17,4)->(20,17,5)->
Agent 27:(14,6,0)->(14,7,1)->(14,8,2)->(14,9,3)->(14,10,4)->(14,11,5)->(14,12,6)->(14,13,7)->(14,14,8)->(14,15,9)->(14,16,10)->(14,17,11)->(14,18,12)->(14,19,13)->(14,20,14)->(14,21,15)->(15,21,16)->(15,22,17)->(15,23,18)->(15,24,19)->(15,25,20)->(15,26,21)->(15,27,22)->(15,28,23)->(15,29,24)->
Agent 28:(1,28,0)->(0,28,1)->(0,27,2)->(0,26,3)->(0,25,4)->(0,24,5)->(0,23,6)->(0,22,7)->(0,21,8)->(0,20,9)->(0,19,10)->(0,18,11)->(0,17,12)->(0,16,13)->(0,15,14)->(0,14,15)->(0,13,16)->(0,12,17)->(0,11,18)->
Agent 29:(12,4,0)->(12,3,1)->(13,3,2)->(13,3,3)->(13,3,4)->(12,3,5)->(12,4,6)->(11,4,7)->(10,4,8)->(10,5,9)->(10,5,10)->(10,5,11)->(10,5,12)->(10,6,13)->(10,7,14)->(10,7,15)->(10,7,16)->(10,7,17)->(10,7,18)->(10,7,19)->(10,7,20)->(10,7,21)->(11,7,22)->(11,6,23)->(12,6,24)->(13,6,25)->(14,6,26)->(15,6,27)->(16,6,28)->(17,6,29)->(18,6,30)->(19,6,31)->(20,6,32)->(21,6,33)->(22,6,34)->(23,6,35)->(23,5,36)->(24,5,37)->
Agent 30:(28,28,0)->(28,27,1)->(28,26,2)->(28,25,3)->(28,24,4)->(28,23,5)->(28,22,6)->(28,21,7)->(28,20,8)->(29,20,9)->(29,19,10)->(29,18,11)->(29,17,12)->(29,16,13)->(29,15,14)->(29,14,15)->
Agent 31:(24,27,0)->(24,27,1)->(24,27,2)->(24,27,3)->(24,27,4)->(24,27,5)->(24,27,6)->(24,27,7)->(24,27,8)->(24,27,9)->(24,27,10)->(24,27,11)->(24,27,12)->(24,27,13)->(23,27,14)->(22,27,15)->(22,26,16)->(21,26,17)->(20,26,18)->(19,26,19)->(18,26,20)->(17,26,21)->(16,26,22)->(15,26,23)->(14,26,24)->(13,26,25)->(12,26,26)->(11,26,27)->(11,26,28)->(11,25,29)->(10,25,30)->(9,25,31)->(8,25,32)->(7,25,33)->(6,25,34)->(5,25,35)->
Agent 32:(25,26,0)->(24,26,1)->(24,25,2)->(24,24,3)->(24,23,4)->(23,23,5)->(22,23,6)->(21,23,7)->(20,23,8)->(19,23,9)->(18,23,10)->(17,23,11)->(16,23,12)->(15,23,13)->(14,23,14)->(13,23,15)->(12,23,16)->(11,23,17)->(10,23,18)->(10,22,19)->(9,22,20)->(8,22,21)->(7,22,22)->(6,22,23)->(5,22,24)->(4,22,25)->(3,22,26)->(2,22,27)->(1,22,28)->
Agent 33:(10,5,0)->(11,5,1)->(11,4,2)->(12,4,3)->(12,3,4)->(12,2,5)->(12,1,6)->(13,1,7)->(14,1,8)->(15,1,9)->(16,1,10)->(17,1,11)->(18,1,12)->(19,1,13)->(20,1,14)->(21,1,15)->(22,1,16)->
Agent 34:(27,14,0)->(27,13,1)->(26,13,2)->(25,13,3)->(25,12,4)->(25,11,5)->(25,10,6)->(24,10,7)->(24,9,8)->(23,9,9)->(22,9,10)->(21,9,11)->(21,8,12)->(21,7,13)->(21,6,14)->(21,5,15)->(20,5,16)->(19,5,17)->(18,5,18)->(17,5,19)->(16,5,20)->(15,5,21)->(14,5,22)->(13,5,23)->(12,5,24)->
Agent 35:(11,12,0)->(12,12,1)->(13,12,2)->(13,11,3)->(13,10,4)->
Agent 36:(9,8,0)->(9,9,1)->(9,10,2)->(9,11,3)->(9,12,4)->
Agent 37:(10,21,0)->(10,20,1)->(10,19,2)->(11,19,3)->(11,18,4)->(12,18,5)->(13,18,6)->(14,18,7)->(15,18,8)->(16,18,9)->(17,18,10)->(18,18,11)->(19,18,12)->(20,18,13)->(21,18,14)->(22,18,15)->(23,18,16)->(24,18,17)->(25,18,18)->(25,17,19)->
Agent 38:(25,8,0)->(25,9,1)->(25,10,2)->(25,11,3)->(24,11,4)->(24,12,5)->(23,12,6)->(23,13,7)->(22,13,8)->(21,13,9)->(21,14,10)->(20,14,11)->(19,14,12)->(18,14,13)->(17,14,14)->(16,14,15)->(15,14,16)->(14,14,17)->(13,14,18)->
Agent 39:(24,9,0)->(24,8,1)->(24,7,2)->(23,7,3)->(22,7,4)->(22,6,5)->(22,6,6)->(22,5,7)->
Agent 40:(14,31,0)->(15,31,1)->(15,30,2)->(16,30,3)->(17,30,4)->(17,29,5)->(18,29,6)->(19,29,7)->(20,29,8)->(21,29,9)->(22,29,10)->(22,28,11)->(23,28,12)->(23,27,13)->(23,26,14)->(23,25,15)->(23,24,16)->(23,23,17)->(23,22,18)->(23,21,19)->(23,20,20)->(23,19,21)->(24,19,22)->(24,18,23)->(24,17,24)->(24,16,25)->(24,15,26)->(24,14,27)->(24,13,28)->(24,12,29)->(24,11,30)->(24,10,31)->(24,9,32)->(24,8,33)->(24,7,34)->(24,6,35)->(24,5,36)->(24,4,37)->
Agent 41:(9,15,0)->(8,15,1)->(7,15,2)->(6,15,3)->(5,15,4)->(4,15,5)->(3,15,6)->(3,14,7)->(3,13,8)->(3,12,9)->(3,11,10)->(3,10,11)->(3,9,12)->(3,8,13)->(3,7,14)->
Agent 42:(7,15,0)->(7,14,1)->(7,13,2)->(7,13,3)->(7,13,4)->(7,13,5)->(7,14,6)->(7,15,7)->(8,15,8)->(9,15,9)->(9,14,10)->(10,14,11)->(11,14,12)->(11,15,13)->(11,16,14)->(12,16,15)->(12,17,16)->(12,18,17)->(12,19,18)->(13,19,19)->(13,20,20)->(13,21,21)->(13,22,22)->(13,23,23)->(14,23,24)->(14,24,25)->
Agent 43:(8,15,0)->(8,14,1)->(8,13,2)->(8,12,3)->(8,11,4)->(8,10,5)->(8,9,6)->(8,8,7)->(8,7,8)->(8,6,9)->(8,5,10)->(8,4,11)->(8,3,12)->(8,2,13)->(8,1,14)->
Agent 44:(7,9,0)->(7,10,1)->(8,10,2)->(8,11,3)->(9,11,4)->(10,11,5)->(10,10,6)->(10,9,7)->(10,8,8)->(11,8,9)->(11,8,10)->(12,8,11)->(12,9,12)->
Agent 45:(7,3,0)->(7,4,1)->(7,5,2)->(8,5,3)->(8,6,4)->(8,7,5)->(9,7,6)->(10,7,7)->(11,7,8)->(12,7,9)->(12,8,10)->(12,9,11)->(12,10,12)->(12,11,13)->(12,12,14)->(12,13,15)->(12,14,16)->(12,15,17)->(12,16,18)->(12,17,19)->(12,18,20)->(12,19,21)->(12,20,22)->(12,21,23)->
Agent 46:(21,15,0)->(21,16,1)->(22,16,2)->(23,16,3)->(23,17,4)->(23,18,5)->(24,18,6)->(25,18,7)->(26,18,8)->(27,18,9)->
Agent 47:(14,0,0)->(14,1,1)->(14,2,2)->(14,3,3)->(14,4,4)->(14,5,5)->(14,6,6)->(14,7,7)->(14,8,8)->(14,9,9)->(14,10,10)->(14,11,11)->(13,11,12)->(13,12,13)->(13,13,14)->(13,14,15)->(13,15,16)->(13,16,17)->(13,17,18)->(13,18,19)->(13,19,20)->(13,20,21)->(13,21,22)->(13,22,23)->(13,23,24)->(12,23,25)->(12,24,26)->(12,24,27)->(12,25,28)->(12,26,29)->(12,27,30)->(12,28,31)->(12,29,32)->(12,30,33)->
Agent 48:(21,18,0)->(20,18,1)->(20,17,2)->(19,17,3)->(19,16,4)->(18,16,5)->(18,15,6)->(18,14,7)->(17,14,8)->(17,13,9)->(16,13,10)->(15,13,11)->(14,13,12)->(14,12,13)->(14,11,14)->(14,10,15)->(14,9,16)->(13,9,17)->(13,8,18)->(12,8,19)->(12,7,20)->(11,7,21)->(11,6,22)->(10,6,23)->(10,5,24)->(9,5,25)->(8,5,26)->(7,5,27)->(6,5,28)->(6,4,29)->(6,3,30)->(6,2,31)->(5,2,32)->(4,2,33)->
Agent 49:(18,5,0)->(18,4,1)->(18,3,2)->(18,2,3)->(19,2,4)->(20,2,5)->(21,2,6)->(22,2,7)->(23,2,8)->(24,2,9)->
