Agent 0:(9,30,0)->(10,30,1)->(11,30,2)->(12,30,3)->(12,29,4)->(13,29,5)->(13,28,6)->(14,28,7)->(15,28,8)->(15,27,9)->(15,26,10)->(15,25,11)->(16,25,12)->(16,24,13)->(16,23,14)->(16,22,15)->(17,22,16)->(18,22,17)->(19,22,18)->(19,21,19)->(20,21,20)->(21,21,21)->(22,21,22)->(23,21,23)->(24,21,24)->(24,20,25)->(25,20,26)->(26,20,27)->(27,20,28)->(28,20,29)->(29,20,30)->(30,20,31)->(30,19,32)->(31,19,33)->(32,19,34)->(33,19,35)->(34,19,36)->(35,19,37)->(36,19,38)->(37,19,39)->(38,19,40)->(39,19,41)->(40,19,42)->(41,19,43)->(42,19,44)->(43,19,45)->(44,19,46)->(45,19,47)->(46,19,48)->(47,19,49)->(48,19,50)->(49,19,51)->(50,19,52)->(51,19,53)->(52,19,54)->(53,19,55)->(53,18,56)->(53,17,57)->(53,16,58)->(54,16,59)->(55,16,60)->(56,16,61)->(57,16,62)->
Agent 1:(42,55,0)->(41,55,1)->(40,55,2)->(39,55,3)->(39,54,4)->(39,53,5)->(38,53,6)->(38,52,7)->(37,52,8)->(36,52,9)->(36,51,10)->(36,50,11)->(35,50,12)->(34,50,13)->(33,50,14)->(33,49,15)->(32,49,16)->(32,48,17)->(31,48,18)->(30,48,19)->(29,48,20)->(29,47,21)->(28,47,22)->(28,46,23)->(27,46,24)->(27,45,25)->(27,44,26)->(26,44,27)->(26,43,28)->(25,43,29)->(24,43,30)->(23,43,31)->(22,43,32)->(21,43,33)->
Agent 2:(49,13,0)->(50,13,1)->(50,12,2)->(51,12,3)->(51,11,4)->(51,10,5)->(51,9,6)->(51,8,7)->(51,7,8)->(51,6,9)->(51,5,10)->
Agent 3:(60,41,0)->(60,40,1)->(60,39,2)->(59,39,3)->(59,38,4)->(59,37,5)->(59,36,6)->(58,36,7)->(57,36,8)->(57,35,9)->(57,34,10)->(57,33,11)->(57,32,12)->(57,31,13)->(56,31,14)->(56,30,15)->(55,30,16)->(54,30,17)->(54,29,18)->(54,28,19)->(54,27,20)->(54,26,21)->(53,26,22)->(52,26,23)->(51,26,24)->(51,25,25)->(51,24,26)->(50,24,27)->(50,23,28)->(50,22,29)->(49,22,30)->(49,21,31)->(49,20,32)->(48,20,33)->(48,19,34)->(47,19,35)->(47,18,36)->(47,17,37)->(47,16,38)->(47,15,39)->(46,15,40)->(45,15,41)->(45,14,42)->(45,13,43)->(45,12,44)->(45,11,45)->(45,10,46)->(45,9,47)->(44,9,48)->(44,8,49)->(44,7,50)->(43,7,51)->(43,6,52)->(43,5,53)->(43,4,54)->(43,3,55)->(43,2,56)->(43,1,57)->
Agent 4:(63,46,0)->(63,45,1)->(62,45,2)->(62,44,3)->(61,44,4)->(61,43,5)->(60,43,6)->(60,42,7)->(59,42,8)->(59,41,9)->(58,41,10)->(58,40,11)->(58,39,12)->(57,39,13)->(56,39,14)->(55,39,15)->(55,38,16)->(54,38,17)->(54,37,18)->(53,37,19)->(52,37,20)->(52,36,21)->(51,36,22)->(50,36,23)->(49,36,24)->(49,35,25)->(48,35,26)->(48,34,27)->(47,34,28)->(47,33,29)->(46,33,30)->(46,32,31)->(46,31,32)->(45,31,33)->(45,30,34)->(45,29,35)->(44,29,36)->(44,28,37)->(44,27,38)->(44,26,39)->(44,25,40)->(44,24,41)->(43,24,42)->(42,24,43)->(42,23,44)->(42,22,45)->(41,22,46)->(41,21,47)->(41,20,48)->(41,19,49)->(41,18,50)->(40,18,51)->(40,17,52)->(40,16,53)->(40,15,54)->(39,15,55)->(39,14,56)->(38,14,57)->(37,14,58)->(36,14,59)->(35,14,60)->(34,14,61)->(33,14,62)->(32,14,63)->(32,13,64)->(31,13,65)->(30,13,66)->(29,13,67)->(28,13,68)->(27,13,69)->
Agent 5:(62,7,0)->(61,7,1)->(60,7,2)->(59,7,3)->(59,6,4)->(59,5,5)->(58,5,6)->(57,5,7)->(56,5,8)->(56,4,9)->(56,3,10)->(55,3,11)->(54,3,12)->(53,3,13)->(53,2,14)->(52,2,15)->(51,2,16)->(50,2,17)->(49,2,18)->(48,2,19)->(47,2,20)->(46,2,21)->(45,2,22)->(44,2,23)->(43,2,24)->(42,2,25)->(41,2,26)->(40,2,27)->(39,2,28)->(38,2,29)->(37,2,30)->(36,2,31)->(35,2,32)->(34,2,33)->(33,2,34)->(33,1,35)->(33,0,36)->
Agent 6:(40,1,0)->(39,1,1)->(39,2,2)->(39,3,3)->(39,4,4)->(39,5,5)->(39,6,6)->(39,7,7)->(39,8,8)->(39,9,9)->(39,10,10)->(39,11,11)->(39,12,12)->(39,13,13)->(39,14,14)->(39,15,15)->(39,16,16)->(39,17,17)->(39,18,18)->(40,18,19)->(40,19,20)->(40,20,21)->(40,21,22)->(40,22,23)->(40,23,24)->(39,23,25)->(39,24,26)->(39,25,27)->(39,26,28)->(39,27,29)->(39,28,30)->(39,29,31)->(39,30,32)->(39,31,33)->(39,32,34)->(39,33,35)->(38,33,36)->(38,34,37)->(38,35,38)->(37,35,39)->(37,36,40)->(37,37,41)->(37,38,42)->(37,39,43)->(37,40,44)->(37,41,45)->(37,42,46)->(37,43,47)->(37,44,48)->(37,45,49)->(37,46,50)->(37,47,51)->(37,48,52)->(37,49,53)->(37,50,54)->(37,51,55)->(37,52,56)->(37,53,57)->
Agent 7:(30,15,0)->(30,16,1)->(31,16,2)->(32,16,3)->(33,16,4)->(33,17,5)->(33,18,6)->(33,19,7)->(34,19,8)->(35,19,9)->(36,19,10)->(37,19,11)->(38,19,12)->(39,19,13)->(40,19,14)->(41,19,15)->(42,19,16)->(43,19,17)->(44,19,18)->(45,19,19)->(46,19,20)->(47,19,21)->(48,19,22)->(49,19,23)->(49,20,24)->(49,21,25)->(50,21,26)->(51,21,27)->(52,21,28)->(53,21,29)->(54,21,30)->(54,20,31)->
Agent 8:(54,25,0)->(54,26,1)->(53,26,2)->(53,27,3)->(52,27,4)->(51,27,5)->(50,27,6)->(49,27,7)->(48,27,8)->(48,28,9)->(47,28,10)->(47,29,11)->(46,29,12)->(45,29,13)->(44,29,14)->(43,29,15)->(43,30,16)->(42,30,17)->(41,30,18)->(40,30,19)->(39,30,20)->(39,31,21)->(39,32,22)->(39,33,23)->(38,33,24)->(38,34,25)->(38,35,26)->(37,35,27)->(37,36,28)->(36,36,29)->(35,36,30)->(35,37,31)->(34,37,32)->(34,38,33)->(33,38,34)->(33,39,35)->(32,39,36)->(31,39,37)->(31,40,38)->(31,41,39)->(30,41,40)->(29,41,41)->(28,41,42)->(27,41,43)->(27,42,44)->(26,42,45)->(26,43,46)->(26,44,47)->(26,45,48)->(25,45,49)->(25,46,50)->(25,47,51)->(25,48,52)->(25,49,53)->(25,50,54)->(25,51,55)->(25,52,56)->(25,53,57)->(25,54,58)->(25,55,59)->(25,56,60)->(25,57,61)->(25,58,62)->(25,59,63)->(25,60,64)->(24,60,65)->(23,60,66)->
Agent 9:(32,48,0)->(33,48,1)->(34,48,2)->(34,47,3)->(35,47,4)->(35,46,5)->(36,46,6)->(36,45,7)->(37,45,8)->(37,44,9)->(37,43,10)->(37,42,11)->(37,41,12)->(37,40,13)->(37,39,14)->(38,39,15)->(39,39,16)->(39,38,17)->(39,37,18)->(40,37,19)->(41,37,20)->(42,37,21)->(42,36,22)->(43,36,23)->(43,35,24)->(43,34,25)->(44,34,26)->(45,34,27)->(45,33,28)->(46,33,29)->(46,32,30)->(47,32,31)->(48,32,32)->(48,31,33)->(49,31,34)->(50,31,35)->(50,30,36)->(51,30,37)->(51,29,38)->(51,28,39)->(51,27,40)->(51,26,41)->(51,25,42)->(51,24,43)->(51,23,44)->(51,22,45)->(51,21,46)->(51,20,47)->(51,19,48)->(51,18,49)->(51,17,50)->(51,16,51)->(51,15,52)->
Agent 10:(7,53,0)->(8,53,1)->(8,52,2)->(8,51,3)->(9,51,4)->(10,51,5)->(10,50,6)->(11,50,7)->(12,50,8)->(12,49,9)->(13,49,10)->(14,49,11)->(14,48,12)->(14,47,13)->(15,47,14)->(15,46,15)->(15,45,16)->(15,44,17)->(15,43,18)->(16,43,19)->(17,43,20)->(18,43,21)->(18,42,22)->(19,42,23)->(19,41,24)->(20,41,25)->(21,41,26)->(22,41,27)->(22,40,28)->(23,40,29)->(24,40,30)->(25,40,31)->(26,40,32)->(27,40,33)->
Agent 11:(41,32,0)->(41,31,1)->(41,30,2)->(41,29,3)->(40,29,4)->(40,28,5)->(40,27,6)->(39,27,7)->(38,27,8)->(37,27,9)->(37,26,10)->(36,26,11)->(36,25,12)->(35,25,13)->(34,25,14)->(33,25,15)->(32,25,16)->(31,25,17)->(30,25,18)->(29,25,19)->(28,25,20)->(27,25,21)->(26,25,22)->(25,25,23)->(25,24,24)->(24,24,25)->(23,24,26)->(23,23,27)->(22,23,28)->(21,23,29)->(20,23,30)->(20,22,31)->(19,22,32)->(18,22,33)->(18,21,34)->(18,20,35)->(17,20,36)->(17,19,37)->(17,18,38)->
Agent 12:(60,1,0)->(59,1,1)->(58,1,2)->(57,1,3)->(56,1,4)->(55,1,5)->(54,1,6)->(53,1,7)->(53,2,8)->(52,2,9)->(51,2,10)->(50,2,11)->(49,2,12)->(48,2,13)->(47,2,14)->(47,3,15)->(46,3,16)->(45,3,17)->(44,3,18)->(43,3,19)->(42,3,20)->
Agent 13:(24,12,0)->(23,12,1)->(22,12,2)->(22,13,3)->(21,13,4)->(21,14,5)->(21,15,6)->(21,16,7)->(20,16,8)->(19,16,9)->(19,17,10)->(19,18,11)->(18,18,12)->(17,18,13)->(17,19,14)->(16,19,15)->(15,19,16)->(14,19,17)->(13,19,18)->(12,19,19)->(11,19,20)->(11,20,21)->(10,20,22)->(9,20,23)->(8,20,24)->(8,21,25)->(8,22,26)->(7,22,27)->(6,22,28)->(6,23,29)->(6,24,30)->(6,25,31)->(6,26,32)->(6,27,33)->(6,28,34)->(6,29,35)->(6,30,36)->(6,31,37)->(6,32,38)->(6,33,39)->(6,34,40)->(6,35,41)->(6,36,42)->(6,37,43)->(6,38,44)->(6,39,45)->(6,40,46)->(6,41,47)->(6,42,48)->(6,43,49)->(5,43,50)->(5,44,51)->(4,44,52)->(4,45,53)->
Agent 14:(30,60,0)->(30,59,1)->(30,58,2)->(30,57,3)->(30,56,4)->(30,55,5)->(29,55,6)->(28,55,7)->(27,55,8)->(27,54,9)->(27,53,10)->(27,52,11)->(27,51,12)->(27,50,13)->(27,49,14)->(27,48,15)->(28,48,16)->(28,47,17)->(29,47,18)->(30,47,19)->(30,46,20)->
Agent 15:(24,30,0)->(24,31,1)->(24,32,2)->(23,32,3)->(23,33,4)->(22,33,5)->(22,34,6)->(22,35,7)->(22,36,8)->(21,36,9)->(20,36,10)->(20,37,11)->(20,38,12)->(20,39,13)->(20,40,14)->(20,41,15)->(20,42,16)->(19,42,17)->(18,42,18)->(18,43,19)->(18,44,20)->(17,44,21)->(16,44,22)->(16,45,23)->(15,45,24)->(15,46,25)->(14,46,26)->(13,46,27)->(12,46,28)->(11,46,29)->(10,46,30)->(9,46,31)->(8,46,32)->(7,46,33)->
Agent 16:(56,63,0)->(56,62,1)->(55,62,2)->(55,61,3)->(54,61,4)->(54,60,5)->(53,60,6)->(53,59,7)->(52,59,8)->(51,59,9)->(50,59,10)->(49,59,11)->(49,59,12)->(49,58,13)->(49,57,14)->(49,56,15)->(48,56,16)->(48,55,17)->(48,54,18)->(47,54,19)->(47,53,20)->(47,52,21)->(47,51,22)->(46,51,23)->(46,50,24)->(46,49,25)->(46,48,26)->(46,47,27)->(46,46,28)->
Agent 17:(23,5,0)->(23,6,1)->(23,7,2)->(22,7,3)->(22,8,4)->(22,9,5)->(22,10,6)->(22,11,7)->(22,12,8)->(21,12,9)->(20,12,10)->(19,12,11)->(18,12,12)->(18,13,13)->(18,14,14)->(18,15,15)->(18,16,16)->(17,16,17)->(17,17,18)->(16,17,19)->(16,18,20)->(15,18,21)->(15,19,22)->(14,19,23)->(13,19,24)->(12,19,25)->(12,20,26)->(12,21,27)->(12,22,28)->(12,23,29)->(12,24,30)->(12,25,31)->(12,26,32)->(12,27,33)->(12,28,34)->(12,29,35)->(12,30,36)->(11,30,37)->(11,31,38)->(11,32,39)->(10,32,40)->(10,33,41)->(10,34,42)->(10,35,43)->(10,36,44)->(9,36,45)->(9,37,46)->(9,38,47)->
Agent 18:(26,17,0)->(27,17,1)->(28,17,2)->(29,17,3)->(30,17,4)->(31,17,5)->(31,16,6)->(32,16,7)->(33,16,8)->(33,15,9)->(34,15,10)->(34,14,11)->(35,14,12)->(35,13,13)->(36,13,14)->(36,12,15)->(36,11,16)->(36,10,17)->(37,10,18)->(37,9,19)->(37,8,20)->(38,8,21)->(38,7,22)->(38,6,23)->(38,5,24)->(38,4,25)->(39,4,26)->(40,4,27)->(41,4,28)->(42,4,29)->(43,4,30)->(44,4,31)->(45,4,32)->(46,4,33)->(47,4,34)->(48,4,35)->
Agent 19:(42,43,0)->(41,43,1)->(41,42,2)->(41,41,3)->(40,41,4)->(40,40,5)->(39,40,6)->(39,39,7)->(38,39,8)->(37,39,9)->(36,39,10)->(36,38,11)->(36,37,12)->(35,37,13)->(35,36,14)->(35,35,15)->(34,35,16)->(34,34,17)->(33,34,18)->(32,34,19)->(31,34,20)->(30,34,21)->(30,33,22)->(30,32,23)->(30,31,24)->(30,30,25)->(29,30,26)->(28,30,27)->(28,29,28)->(28,28,29)->(28,27,30)->(27,27,31)->(27,26,32)->(27,25,33)->(27,24,34)->(27,23,35)->(27,22,36)->(26,22,37)->(25,22,38)->(24,22,39)->(24,21,40)->(23,21,41)->(22,21,42)->(21,21,43)->(20,21,44)->(19,21,45)->(19,20,46)->(18,20,47)->(17,20,48)->(17,19,49)->(16,19,50)->(16,18,51)->(15,18,52)->(14,18,53)->(13,18,54)->(13,17,55)->(12,17,56)->(11,17,57)->
Agent 20:(10,18,0)->(11,18,1)->(11,19,2)->(12,19,3)->(12,20,4)->(12,21,5)->(12,22,6)->(12,23,7)->(12,24,8)->(12,25,9)->(12,26,10)->(12,27,11)->(12,28,12)->(12,29,13)->(12,30,14)->(11,30,15)->(11,31,16)->(11,32,17)->(11,33,18)->(11,34,19)->(11,35,20)->(11,36,21)->(11,37,22)->(11,38,23)->(11,39,24)->(11,40,25)->(11,41,26)->(11,42,27)->(10,42,28)->(10,43,29)->(10,44,30)->(10,45,31)->(10,46,32)->(10,47,33)->(10,48,34)->(10,49,35)->(10,50,36)->(10,51,37)->(10,52,38)->(10,53,39)->
Agent 21:(35,37,0)->(35,38,1)->(35,39,2)->(35,40,3)->(35,41,4)->(34,41,5)->(33,41,6)->(32,41,7)->(31,41,8)->(30,41,9)->(29,41,10)->(28,41,11)->(28,42,12)->(27,42,13)->(26,42,14)->(25,42,15)->(24,42,16)->(23,42,17)->(22,42,18)->(21,42,19)->(20,42,20)->(19,42,21)->(19,43,22)->(18,43,23)->(18,44,24)->(17,44,25)->(17,45,26)->(17,46,27)->(16,46,28)->(15,46,29)->(14,46,30)->(13,46,31)->(12,46,32)->(11,46,33)->(11,47,34)->(10,47,35)->(9,47,36)->(8,47,37)->
Agent 22:(22,24,0)->(22,25,1)->(22,26,2)->(23,26,3)->(23,27,4)->(23,28,5)->(24,28,6)->(25,28,7)->(26,28,8)->(26,29,9)->(27,29,10)->(28,29,11)->(29,29,12)->(30,29,13)->(31,29,14)->(31,30,15)->(31,31,16)->(32,31,17)->(32,32,18)->(32,33,19)->(33,33,20)->(33,34,21)->(34,34,22)->(34,35,23)->(34,36,24)->(34,37,25)->(35,37,26)->(36,37,27)->(37,37,28)->(37,38,29)->(37,39,30)->(38,39,31)->(38,40,32)->(38,41,33)->(38,42,34)->(38,43,35)->(39,43,36)->(39,44,37)->(40,44,38)->(41,44,39)->(42,44,40)->(43,44,41)->(44,44,42)->(45,44,43)->(46,44,44)->(47,44,45)->(48,44,46)->(49,44,47)->(50,44,48)->(51,44,49)->(52,44,50)->(53,44,51)->(54,44,52)->(55,44,53)->(55,45,54)->(55,46,55)->(55,47,56)->
Agent 23:(26,47,0)->(26,47,1)->(26,47,2)->(26,47,3)->(26,47,4)->(26,47,5)->(26,47,6)->(26,47,7)->(26,47,8)->(26,47,9)->(26,47,10)->(26,47,11)->(26,47,12)->(26,47,13)->(26,47,14)->(26,47,15)->(26,47,16)->(26,47,17)->(26,47,18)->(26,47,19)->(26,47,20)->(26,48,21)->(25,48,22)->(24,48,23)->(24,49,24)->(23,49,25)->(22,49,26)->(22,48,27)->(21,48,28)->(20,48,29)->(20,49,30)->(20,50,31)->(19,50,32)->(19,51,33)->(18,51,34)->(17,51,35)->(17,50,36)->(16,50,37)->(16,49,38)->(16,48,39)->(16,47,40)->(15,47,41)->(14,47,42)->(14,47,43)->(13,47,44)->(13,48,45)->(13,49,46)->
Agent 24:(36,32,0)->(35,32,1)->(35,31,2)->(35,30,3)->(35,29,4)->(35,28,5)->(35,27,6)->(34,27,7)->(34,26,8)->(33,26,9)->(33,25,10)->(33,24,11)->(33,23,12)->(33,22,13)->(32,22,14)->(31,22,15)->(30,22,16)->(30,21,17)->(30,20,18)->(30,19,19)->(30,18,20)->(29,18,21)->(29,17,22)->(28,17,23)->(27,17,24)->(26,17,25)->(25,17,26)->(24,17,27)->(24,16,28)->(23,16,29)->(22,16,30)->(21,16,31)->(20,16,32)->
Agent 25:(13,45,0)->(14,45,1)->(14,46,2)->(15,46,3)->(15,47,4)->(16,47,5)->(16,48,6)->(16,49,7)->(17,49,8)->(18,49,9)->(18,50,10)->(18,51,11)->(19,51,12)->(20,51,13)->(20,52,14)->(20,53,15)->(20,54,16)->(20,55,17)->(21,55,18)->(21,56,19)->(21,57,20)->(22,57,21)->
Agent 26:(25,42,0)->(26,42,1)->(27,42,2)->(28,42,3)->(28,41,4)->(28,40,5)->(28,39,6)->(28,38,7)->(28,37,8)->(29,37,9)->(29,36,10)->(29,35,11)->(30,35,12)->(31,35,13)->(31,34,14)->(31,33,15)->(31,32,16)->(31,31,17)->(31,30,18)->(32,30,19)->(32,29,20)->(33,29,21)->(34,29,22)->(35,29,23)->(36,29,24)->(36,28,25)->(36,27,26)->(36,26,27)->(37,26,28)->(37,25,29)->(37,24,30)->(37,23,31)->(37,22,32)->(37,21,33)->(38,21,34)->(38,20,35)->(38,19,36)->(39,19,37)->(39,18,38)->(39,17,39)->(39,16,40)->(40,16,41)->(41,16,42)->(42,16,43)->(43,16,44)->(44,16,45)->(45,16,46)->(45,15,47)->(45,14,48)->(45,13,49)->(46,13,50)->(47,13,51)->(48,13,52)->(49,13,53)->(50,13,54)->
Agent 27:(9,47,0)->(9,46,1)->(10,46,2)->(11,46,3)->(12,46,4)->(13,46,5)->(14,46,6)->(15,46,7)->(16,46,8)->(17,46,9)->(18,46,10)->(18,47,11)->(18,48,12)->(19,48,13)->(20,48,14)->(21,48,15)->(22,48,16)->(23,48,17)->(24,48,18)->(25,48,19)->(26,48,20)->(27,48,21)->(28,48,22)->(29,48,23)->(30,48,24)->(30,49,25)->(31,49,26)->(32,49,27)->(33,49,28)->(34,49,29)->(34,50,30)->(35,50,31)->(36,50,32)->(36,51,33)->(37,51,34)->(38,51,35)->(38,52,36)->(39,52,37)->(40,52,38)->(41,52,39)->(42,52,40)->(43,52,41)->(44,52,42)->(44,53,43)->(45,53,44)->(46,53,45)->(47,53,46)->(48,53,47)->(49,53,48)->(50,53,49)->
Agent 28:(5,63,0)->(6,63,1)->(7,63,2)->(7,62,3)->(7,61,4)->(7,60,5)->(7,59,6)->(7,58,7)->(7,57,8)->(8,57,9)->(8,56,10)->(8,55,11)->(8,54,12)->(8,53,13)->(8,52,14)->(8,51,15)->(9,51,16)->(9,50,17)->(9,49,18)->(9,48,19)->(9,47,20)->(9,46,21)->(9,45,22)->(9,44,23)->(9,43,24)->
Agent 29:(34,50,0)->(35,50,1)->(35,51,2)->(35,52,3)->(36,52,4)->(37,52,5)->(38,52,6)->(39,52,7)->(40,52,8)->(41,52,9)->(42,52,10)->(43,52,11)->(44,52,12)->(45,52,13)->(45,53,14)->(46,53,15)->(46,54,16)->(47,54,17)->(47,55,18)->(48,55,19)->(49,55,20)->(50,55,21)->(51,55,22)->(52,55,23)->(53,55,24)->(54,55,25)->(55,55,26)->(56,55,27)->(57,55,28)->(58,55,29)->(59,55,30)->
Agent 30:(21,28,0)->(21,29,1)->(21,30,2)->(21,31,3)->(21,31,4)->(21,31,5)->(21,31,6)->(21,31,7)->(21,31,8)->(21,31,9)->(21,31,10)->(21,31,11)->(21,31,12)->(21,31,13)->(21,31,14)->(21,31,15)->(21,31,16)->(21,31,17)->(21,31,18)->(21,31,19)->(21,31,20)->(21,32,21)->(21,33,22)->(21,34,23)->(22,34,24)->(23,34,25)->(23,33,26)->(24,33,27)->(24,33,28)->(24,33,29)->(24,33,30)->(24,33,31)->(24,33,32)->(24,33,33)->(24,33,34)->(24,33,35)->(24,33,36)->(24,33,37)->(24,33,38)->(24,33,39)->(24,33,40)->(24,33,41)->(24,33,42)->(24,33,43)->(24,33,44)->(24,33,45)->(24,33,46)->(25,33,47)->(26,33,48)->(26,34,49)->(27,34,50)->(27,35,51)->(27,36,52)->(27,36,53)->(27,36,54)->(27,36,55)->(27,36,56)->(27,36,57)->(27,36,58)->(27,36,59)->(27,37,60)->(26,37,61)->(25,37,62)->
Agent 31:(37,6,0)->(37,7,1)->(38,7,2)->(39,7,3)->(39,8,4)->(39,9,5)->(40,9,6)->(41,9,7)->(41,10,8)->(41,11,9)->(41,12,10)->(41,13,11)->(42,13,12)->(42,14,13)->(42,15,14)->(43,15,15)->(43,16,16)->(43,17,17)->(43,18,18)->(43,19,19)->(43,20,20)->
Agent 32:(42,10,0)->(42,9,1)->(41,9,2)->(41,8,3)->(40,8,4)->(39,8,5)->(39,7,6)->(38,7,7)->(37,7,8)->(36,7,9)->(35,7,10)->(35,6,11)->(35,5,12)->(35,4,13)->(34,4,14)->(34,3,15)->(33,3,16)->(32,3,17)->(31,3,18)->(30,3,19)->(29,3,20)->(28,3,21)->(27,3,22)->(26,3,23)->(25,3,24)->(24,3,25)->(23,3,26)->(22,3,27)->(21,3,28)->(21,2,29)->(20,2,30)->(19,2,31)->(18,2,32)->(17,2,33)->(16,2,34)->(15,2,35)->(14,2,36)->(13,2,37)->(12,2,38)->(11,2,39)->(10,2,40)->
Agent 33:(17,49,0)->(17,48,1)->(18,48,2)->(18,47,3)->(19,47,4)->(20,47,5)->(20,46,6)->(20,45,7)->(21,45,8)->(22,45,9)->(23,45,10)->(23,44,11)->(23,43,12)->(23,42,13)->(24,42,14)->(24,41,15)->(25,41,16)->(26,41,17)->(27,41,18)->(28,41,19)->(29,41,20)->(30,41,21)->(31,41,22)->(32,41,23)->(33,41,24)->(34,41,25)->(35,41,26)->(36,41,27)->(37,41,28)->(38,41,29)->(38,40,30)->(39,40,31)->(40,40,32)->(41,40,33)->(42,40,34)->(43,40,35)->(44,40,36)->(45,40,37)->(45,39,38)->(46,39,39)->(47,39,40)->(47,38,41)->(48,38,42)->(49,38,43)->(50,38,44)->
Agent 34:(12,14,0)->(12,15,1)->(12,16,2)->(12,17,3)->(12,18,4)->(12,19,5)->(12,20,6)->(12,21,7)->(12,22,8)->(12,23,9)->(12,24,10)->(12,25,11)->(12,26,12)->(12,27,13)->(12,28,14)->(12,29,15)->(12,30,16)->(12,31,17)->(11,31,18)->(11,32,19)->(11,33,20)->(11,34,21)->(11,35,22)->(11,36,23)->(11,37,24)->(11,38,25)->(11,39,26)->(11,40,27)->(11,41,28)->(10,41,29)->(10,42,30)->(10,43,31)->(10,44,32)->(9,44,33)->(9,45,34)->(9,46,35)->(9,46,36)->(9,47,37)->(9,48,38)->(9,49,39)->(8,49,40)->(8,50,41)->(7,50,42)->
Agent 35:(32,55,0)->(31,55,1)->(31,56,2)->(31,57,3)->(32,57,4)->(33,57,5)->(34,57,6)->(35,57,7)->(35,58,8)->(36,58,9)->(37,58,10)->(37,59,11)->(38,59,12)->(39,59,13)->(40,59,14)->(41,59,15)->(42,59,16)->(43,59,17)->(44,59,18)->(45,59,19)->(46,59,20)->(47,59,21)->(48,59,22)->(49,59,23)->(50,59,24)->(51,59,25)->(52,59,26)->(53,59,27)->(53,60,28)->(54,60,29)->(54,61,30)->(55,61,31)->(56,61,32)->(57,61,33)->(58,61,34)->(58,62,35)->
Agent 36:(34,26,0)->(34,25,1)->(34,24,2)->(33,24,3)->(33,23,4)->(33,22,5)->(32,22,6)->(31,22,7)->(30,22,8)->(29,22,9)->(28,22,10)->(28,21,11)->(27,21,12)->(26,21,13)->(25,21,14)->
Agent 37:(53,15,0)->(52,15,1)->(52,16,2)->(52,17,3)->(51,17,4)->(51,18,5)->(51,19,6)->(50,19,7)->(50,20,8)->(50,21,9)->(50,22,10)->(50,23,11)->(50,24,12)->(50,25,13)->(50,26,14)->(50,27,15)->(50,28,16)->(50,29,17)->(50,30,18)->(50,31,19)->(50,32,20)->(50,33,21)->(50,34,22)->(50,35,23)->(50,36,24)->(50,37,25)->(50,38,26)->(49,38,27)->(49,39,28)->(49,40,29)->(49,41,30)->(49,42,31)->(49,43,32)->(49,44,33)->(49,45,34)->(49,46,35)->(49,47,36)->(49,48,37)->(49,49,38)->(49,50,39)->(49,51,40)->(49,52,41)->(49,53,42)->(49,54,43)->(49,55,44)->(49,56,45)->(49,57,46)->(49,58,47)->(48,58,48)->(48,59,49)->(48,60,50)->
Agent 38:(52,27,0)->(51,27,1)->(51,26,2)->(50,26,3)->(49,26,4)->(49,25,5)->(48,25,6)->(48,25,7)->(48,25,8)->(48,25,9)->(48,25,10)->(48,25,11)->(48,25,12)->(48,25,13)->(48,25,14)->(48,25,15)->(48,25,16)->(48,25,17)->(48,25,18)->(48,25,19)->(48,25,20)->(48,25,21)->(48,25,22)->(48,25,23)->(48,25,24)->(48,25,25)->(48,25,26)->(48,25,27)->(47,25,28)->(46,25,29)->(46,24,30)->(45,24,31)->(45,24,32)->(45,24,33)->(45,24,34)->(45,24,35)->(45,24,36)->(45,24,37)->(45,24,38)->(45,24,39)->(45,24,40)->(45,24,41)->(44,24,42)->(43,24,43)->(42,24,44)->(42,23,45)->(41,23,46)->(41,22,47)->(41,21,48)->(41,20,49)->(41,19,50)->(41,18,51)->
Agent 39:(60,59,0)->(59,59,1)->(59,58,2)->(58,58,3)->(57,58,4)->(56,58,5)->(55,58,6)->(54,58,7)->(53,58,8)->(52,58,9)->(51,58,10)->(50,58,11)->(49,58,12)->(48,58,13)->(47,58,14)->(46,58,15)->(45,58,16)->(45,57,17)->(44,57,18)->(43,57,19)->(42,57,20)->(41,57,21)->(40,57,22)->(39,57,23)->(38,57,24)->(37,57,25)->(36,57,26)->(35,57,27)->(34,57,28)->(33,57,29)->(32,57,30)->(31,57,31)->(30,57,32)->(29,57,33)->(28,57,34)->(27,57,35)->(26,57,36)->(26,58,37)->(25,58,38)->(24,58,39)->(23,58,40)->(22,58,41)->(21,58,42)->(20,58,43)->(19,58,44)->(18,58,45)->(17,58,46)->(17,57,47)->(16,57,48)->(15,57,49)->(14,57,50)->(13,57,51)->(12,57,52)->(11,57,53)->(10,57,54)->(9,57,55)->(8,57,56)->(7,57,57)->(6,57,58)->(6,56,59)->
Agent 40:(49,11,0)->(49,12,1)->(49,13,2)->(48,13,3)->(48,14,4)->(48,15,5)->(48,16,6)->(47,16,7)->(47,17,8)->(47,18,9)->(47,19,10)->(46,19,11)->(45,19,12)->(44,19,13)->(43,19,14)->(42,19,15)->(42,20,16)->(41,20,17)->(40,20,18)->(40,21,19)->(39,21,20)->(39,22,21)->(38,22,22)->(37,22,23)->(36,22,24)->(35,22,25)->(34,22,26)->(33,22,27)->(33,23,28)->(33,24,29)->(33,25,30)->(32,25,31)->(32,26,32)->(31,26,33)->(30,26,34)->(30,27,35)->(29,27,36)->(29,28,37)->(29,29,38)->(28,29,39)->(28,30,40)->(28,31,41)->(27,31,42)->(26,31,43)->(25,31,44)->(25,32,45)->(25,33,46)->(25,34,47)->(25,35,48)->(25,36,49)->(25,37,50)->(25,38,51)->(25,39,52)->(25,40,53)->(24,40,54)->(24,41,55)->(24,42,56)->(24,43,57)->(24,44,58)->(24,45,59)->(24,46,60)->(24,47,61)->(24,48,62)->(24,49,63)->(24,50,64)->(24,51,65)->(24,52,66)->(24,53,67)->(24,54,68)->(23,54,69)->(23,55,70)->(22,55,71)->(22,56,72)->(21,56,73)->(21,57,74)->(21,58,75)->(20,58,76)->(20,59,77)->(20,60,78)->(19,60,79)->(19,61,80)->(19,62,81)->(19,63,82)->
Agent 41:(3,22,0)->(3,21,1)->(3,20,2)->(4,20,3)->(5,20,4)->(6,20,5)->(7,20,6)->(8,20,7)->(8,19,8)->(8,18,9)->(9,18,10)->(10,18,11)->(11,18,12)->(12,18,13)->(12,17,14)->(13,17,15)->(13,16,16)->(14,16,17)->(15,16,18)->(16,16,19)->(17,16,20)->(18,16,21)->(18,15,22)->(18,14,23)->(19,14,24)->(20,14,25)->(20,13,26)->(21,13,27)->(22,13,28)->(22,12,29)->(23,12,30)->(24,12,31)->(25,12,32)->(25,11,33)->(25,10,34)->(25,9,35)->(25,8,36)->(25,7,37)->(25,6,38)->(26,6,39)->(26,5,40)->(27,5,41)->(27,4,42)->(27,3,43)->(28,3,44)->(29,3,45)->(30,3,46)->(31,3,47)->(32,3,48)->(33,3,49)->(34,3,50)->(34,2,51)->(35,2,52)->(36,2,53)->(37,2,54)->(38,2,55)->(39,2,56)->(40,2,57)->(41,2,58)->
Agent 42:(12,35,0)->(12,36,1)->(13,36,2)->(14,36,3)->(15,36,4)->(15,37,5)->(16,37,6)->(17,37,7)->(18,37,8)->(19,37,9)->(20,37,10)->(21,37,11)->(22,37,12)->(23,37,13)->(24,37,14)->(24,36,15)->(25,36,16)->(26,36,17)->(27,36,18)->(28,36,19)->(29,36,20)->(30,36,21)->(31,36,22)->(32,36,23)->(33,36,24)->(33,35,25)->(34,35,26)->(35,35,27)->(36,35,28)->(37,35,29)->(38,35,30)->(39,35,31)->(40,35,32)->(41,35,33)->(42,35,34)->(43,35,35)->(44,35,36)->(45,35,37)->(46,35,38)->(47,35,39)->(48,35,40)->(49,35,41)->(50,35,42)->(51,35,43)->(52,35,44)->(53,35,45)->(54,35,46)->(55,35,47)->(55,36,48)->(56,36,49)->(57,36,50)->(58,36,51)->(59,36,52)->(60,36,53)->(60,37,54)->(61,37,55)->(62,37,56)->(63,37,57)->
Agent 43:(26,16,0)->(26,17,1)->(26,18,2)->(26,19,3)->(27,19,4)->(28,19,5)->(29,19,6)->(30,19,7)->(31,19,8)->(32,19,9)->(33,19,10)->(34,19,11)->(35,19,12)->(36,19,13)->(37,19,14)->(38,19,15)->(39,19,16)->(40,19,17)->(41,19,18)->(42,19,19)->(43,19,20)->(44,19,21)->(45,19,22)->(46,19,23)->(47,19,24)->(48,19,25)->(49,19,26)->(49,20,27)->(50,20,28)->(50,21,29)->(51,21,30)->(52,21,31)->(52,22,32)->(53,22,33)->(54,22,34)->(55,22,35)->(56,22,36)->(57,22,37)->(58,22,38)->(58,21,39)->(59,21,40)->(60,21,41)->
Agent 44:(31,61,0)->(30,61,1)->(30,60,2)->(29,60,3)->(29,59,4)->(29,58,5)->(29,57,6)->(29,56,7)->(28,56,8)->(28,55,9)->(28,54,10)->(28,53,11)->(27,53,12)->(26,53,13)->(26,52,14)->(25,52,15)->(25,51,16)->(25,50,17)->(25,49,18)->(24,49,19)->(24,48,20)->(23,48,21)->(22,48,22)->(21,48,23)->(20,48,24)->(19,48,25)->(18,48,26)->(18,47,27)->(17,47,28)->(17,46,29)->(16,46,30)->(15,46,31)->(14,46,32)->(13,46,33)->(12,46,34)->(11,46,35)->(11,45,36)->(11,44,37)->(10,44,38)->(10,43,39)->(10,42,40)->(10,41,41)->(9,41,42)->(9,40,43)->(9,39,44)->(9,38,45)->(8,38,46)->(7,38,47)->(6,38,48)->(6,37,49)->(6,36,50)->(5,36,51)->(5,35,52)->(4,35,53)->(4,34,54)->(4,33,55)->(4,32,56)->(4,31,57)->(4,30,58)->(3,30,59)->(3,29,60)->(3,28,61)->(3,27,62)->(3,26,63)->(3,25,64)->(3,24,65)->(3,23,66)->(3,22,67)->(3,21,68)->(3,20,69)->(3,19,70)->(3,18,71)->(3,17,72)->(3,16,73)->(3,15,74)->(3,14,75)->(3,13,76)->(3,12,77)->(3,11,78)->(3,10,79)->(3,9,80)->(3,8,81)->(3,7,82)->
Agent 45:(21,57,0)->(21,56,1)->(21,55,2)->(20,55,3)->(20,54,4)->(20,53,5)->(20,52,6)->(20,51,7)->(19,51,8)->(19,50,9)->(19,49,10)->(18,49,11)->(17,49,12)->(16,49,13)->(15,49,14)->(14,49,15)->(13,49,16)->(13,48,17)->(12,48,18)->(11,48,19)->(10,48,20)->(9,48,21)->(8,48,22)->(7,48,23)->(6,48,24)->(5,48,25)->(5,47,26)->(4,47,27)->
Agent 46:(29,44,0)->(30,44,1)->(31,44,2)->(32,44,3)->(33,44,4)->(33,43,5)->(33,42,6)->(34,42,7)->(34,41,8)->(35,41,9)->(35,40,10)->(36,40,11)->(37,40,12)->(38,40,13)->(39,40,14)->(39,39,15)->(39,38,16)->(40,38,17)->(40,37,18)->(41,37,19)->(41,36,20)->(41,35,21)->(42,35,22)->(42,34,23)->(42,33,24)->(43,33,25)->(44,33,26)->(44,32,27)->(45,32,28)->(46,32,29)->(46,31,30)->(47,31,31)->(47,30,32)->(47,29,33)->(47,28,34)->(47,27,35)->(47,26,36)->(48,26,37)->(49,26,38)->(50,26,39)->(51,26,40)->(52,26,41)->(53,26,42)->(54,26,43)->(55,26,44)->(56,26,45)->(57,26,46)->(57,25,47)->
Agent 47:(60,11,0)->(59,11,1)->(59,12,2)->(58,12,3)->(58,13,4)->(57,13,5)->(57,14,6)->(57,15,7)->(56,15,8)->(56,16,9)->(56,17,10)->(55,17,11)->(55,18,12)->(55,19,13)->(55,20,14)->(55,21,15)->(54,21,16)->(53,21,17)->(53,22,18)->(52,22,19)->(51,22,20)->(50,22,21)->(49,22,22)->(48,22,23)->(48,23,24)->(48,24,25)->(47,24,26)->(47,25,27)->(47,26,28)->(47,27,29)->(46,27,30)->(46,28,31)->(45,28,32)->(44,28,33)->(44,29,34)->(44,30,35)->(43,30,36)->(43,31,37)->(42,31,38)->(41,31,39)->(41,32,40)->(41,33,41)->(40,33,42)->(40,34,43)->(40,35,44)->(39,35,45)->(38,35,46)->(37,35,47)->(37,36,48)->(37,37,49)->(36,37,50)->(35,37,51)->(34,37,52)->(33,37,53)->(32,37,54)->(31,37,55)->(30,37,56)->(29,37,57)->(28,37,58)->(27,37,59)->(26,37,60)->(25,37,61)->(24,37,62)->(23,37,63)->(22,37,64)->(21,37,65)->(20,37,66)->(19,37,67)->(18,37,68)->(17,37,69)->(16,37,70)->(15,37,71)->(14,37,72)->(13,37,73)->(12,37,74)->(11,37,75)->(10,37,76)->(9,37,77)->(8,37,78)->(8,38,79)->(7,38,80)->(6,38,81)->(5,38,82)->(4,38,83)->(3,38,84)->(3,39,85)->(2,39,86)->(1,39,87)->(0,39,88)->
Agent 48:(33,24,0)->(33,25,1)->(33,26,2)->(33,27,3)->(32,27,4)->(31,27,5)->(30,27,6)->(29,27,7)->(29,28,8)->(28,28,9)->(28,29,10)->(28,30,11)->(28,31,12)->(27,31,13)->(26,31,14)->(25,31,15)->(24,31,16)->(23,31,17)->(23,32,18)->(22,32,19)->(21,32,20)->(20,32,21)->(19,32,22)->(18,32,23)->(18,33,24)->(17,33,25)->(17,34,26)->(17,35,27)->(17,36,28)->(17,37,29)->(16,37,30)->(16,38,31)->(16,39,32)->(16,40,33)->(16,41,34)->(16,42,35)->(15,42,36)->(14,42,37)->(14,43,38)->(13,43,39)->(13,44,40)->(13,45,41)->(13,46,42)->(13,47,43)->(13,48,44)->(13,49,45)->(13,50,46)->
Agent 49:(62,19,0)->(61,19,1)->(61,20,2)->(60,20,3)->(59,20,4)->(58,20,5)->(57,20,6)->(56,20,7)->(55,20,8)->(55,21,9)->(55,22,10)->(54,22,11)->(53,22,12)->(52,22,13)->(51,22,14)->(50,22,15)->(49,22,16)->(48,22,17)->(47,22,18)->(46,22,19)->(45,22,20)->(44,22,21)->(44,23,22)->(43,23,23)->
